carWheel2\Cars10020.jpg 1 39 35 458 450
carWheel2\Cars10021.jpg 1 126 11 326 310
carWheel2\Cars100210.jpg 1 24 12 491 459
carWheel2\Cars1002100.jpg 2 259 223 73 102 461 193 32 62
carWheel2\Cars1002101.jpg 2 336 348 48 49 454 331 30 37
carWheel2\Cars1002102.jpg 2 167 210 109 98 454 216 56 80
carWheel2\Cars1002103.jpg 2 192 199 85 112 443 204 65 93
carWheel2\Cars1002104.jpg 2 113 295 81 73 424 284 76 73
carWheel2\Cars1002105.jpg 2 209 216 92 107 455 154 37 64
carWheel2\Cars1002106.jpg 2 186 220 86 84 440 190 45 63
carWheel2\Cars1002107.jpg 2 299 184 91 96 91 192 58 69
carWheel2\Cars1002108.jpg 2 259 226 100 100 19 217 65 85
carWheel2\Cars1002109.jpg 2 41 191 85 81 375 184 86 82
carWheel2\Cars100211.jpg 1 152 73 262 271
carWheel2\Cars1002110.jpg 2 68 194 55 67 295 220 67 67
carWheel2\Cars1002111.jpg 2 238 151 92 108 39 160 66 92
carWheel2\Cars1002112.jpg 2 25 206 69 102 216 223 90 101
carWheel2\Cars1002113.jpg 2 262 206 71 100 445 171 28 56
carWheel2\Cars1002114.jpg 2 274 248 85 87 52 238 61 74
carWheel2\Cars1002115.jpg 2 236 209 73 82 438 202 56 77
carWheel2\Cars1002116.jpg 2 200 222 107 115 443 233 52 75
carWheel2\Cars1002117.jpg 2 202 212 75 107 79 166 37 74
carWheel2\Cars1002118.jpg 2 214 241 89 109 482 206 44 74
carWheel2\Cars1002119.jpg 2 229 220 104 123 472 163 41 80
carWheel2\Cars100212.jpg 1 54 95 436 427
carWheel2\Cars1002120.jpg 2 166 193 90 101 450 146 63 84
carWheel2\Cars1002121.jpg 2 190 192 106 127 32 167 52 73
carWheel2\Cars1002122.jpg 2 163 252 97 88 451 197 49 62
carWheel2\Cars1002123.jpg 2 378 230 86 95 39 226 93 94
carWheel2\Cars1002124.jpg 1 160 196 61 127
carWheel2\Cars1002125.jpg 2 152 292 114 109 440 243 52 67
carWheel2\Cars1002126.jpg 3 281 270 53 64 431 250 33 48 132 240 35 39
carWheel2\Cars1002127.jpg 2 176 277 84 91 435 283 59 81
carWheel2\Cars1002128.jpg 2 336 223 55 117 481 185 36 89
carWheel2\Cars1002129.jpg 1 250 208 74 87
carWheel2\Cars100213.jpg 1 3 0 538 499
carWheel2\Cars1002130.jpg 2 241 119 64 80 122 123 28 49
carWheel2\Cars1002131.jpg 2 232 233 104 127 39 195 44 72
carWheel2\Cars1002132.jpg 2 223 200 77 97 451 173 39 62
carWheel2\Cars1002133.jpg 2 226 260 106 129 478 183 45 69
carWheel2\Cars1002134.jpg 2 24 185 41 83 150 199 51 116
carWheel2\Cars1002135.jpg 2 263 253 57 84 456 240 33 69
carWheel2\Cars1002136.jpg 2 226 253 65 80 79 260 36 58
carWheel2\Cars1002137.jpg 2 239 176 72 80 78 153 39 56
carWheel2\Cars1002138.jpg 2 303 189 66 102 476 138 30 71
carWheel2\Cars1002139.jpg 2 278 212 94 110 57 219 57 79
carWheel2\Cars100214.jpg 1 48 86 462 455
carWheel2\Cars1002140.jpg 2 211 161 69 90 450 165 41 67
carWheel2\Cars1002141.jpg 2 201 168 83 127 27 123 42 87
carWheel2\Cars1002142.jpg 2 232 185 97 129 16 146 45 87
carWheel2\Cars1002143.jpg 2 197 261 88 93 463 167 43 69
carWheel2\Cars1002144.jpg 2 293 205 90 102 127 193 39 68
carWheel2\Cars1002145.jpg 2 180 145 75 124 11 158 46 108
carWheel2\Cars1002146.jpg 2 192 213 64 123 16 186 43 99
carWheel2\Cars1002147.jpg 2 288 237 70 78 53 232 71 81
carWheel2\Cars1002148.jpg 2 211 152 77 97 459 148 51 86
carWheel2\Cars1002149.jpg 1 327 236 63 126
carWheel2\Cars100215.jpg 1 137 15 303 283
carWheel2\Cars1002150.jpg 2 230 206 82 95 467 201 41 81
carWheel2\Cars1002151.jpg 2 187 257 116 128 491 202 26 64
carWheel2\Cars1002152.jpg 2 205 187 70 99 439 181 48 88
carWheel2\Cars1002153.jpg 2 246 183 70 90 48 199 61 77
carWheel2\Cars1002154.jpg 2 62 325 81 70 381 325 69 71
carWheel2\Cars1002155.jpg 1 336 196 65 120
carWheel2\Cars1002156.jpg 2 260 209 106 121 17 215 54 76
carWheel2\Cars1002157.jpg 2 308 273 85 98 55 238 42 61
carWheel2\Cars1002158.jpg 1 120 172 82 181
carWheel2\Cars1002159.jpg 2 206 226 73 92 439 247 55 81
carWheel2\Cars100216.jpg 1 37 4 452 442
carWheel2\Cars1002160.jpg 2 280 194 61 87 423 193 35 85
carWheel2\Cars1002161.jpg 2 187 278 83 105 416 258 44 67
carWheel2\Cars1002162.jpg 1 258 194 99 113
carWheel2\Cars1002163.jpg 1 143 267 67 127
carWheel2\Cars1002164.jpg 2 248 235 73 99 47 221 46 80
carWheel2\Cars1002165.jpg 2 57 258 84 78 377 269 74 74
carWheel2\Cars1002166.jpg 2 331 278 79 79 72 288 67 73
carWheel2\Cars1002167.jpg 2 250 220 97 113 45 179 44 77
carWheel2\Cars1002168.jpg 2 56 198 50 73 187 187 46 93
carWheel2\Cars1002169.jpg 2 450 174 55 72 198 184 54 81
carWheel2\Cars100217.jpg 1 133 12 291 326
carWheel2\Cars1002170.jpg 2 221 228 69 86 403 238 38 70
carWheel2\Cars1002171.jpg 1 320 217 49 100
carWheel2\Cars1002172.jpg 2 252 280 78 124 454 242 32 67
carWheel2\Cars1002173.jpg 2 153 261 92 106 397 219 37 71
carWheel2\Cars1002174.jpg 1 282 224 85 129
carWheel2\Cars1002175.jpg 2 255 235 106 116 44 201 37 72
carWheel2\Cars1002176.jpg 1 144 173 46 107
carWheel2\Cars1002177.jpg 2 245 247 47 77 391 252 35 66
carWheel2\Cars1002178.jpg 1 195 259 79 111
carWheel2\Cars1002179.jpg 2 353 211 85 80 43 215 62 71
carWheel2\Cars100218.jpg 1 70 119 407 405
carWheel2\Cars1002180.jpg 2 96 260 76 68 374 262 75 71
carWheel2\Cars1002181.jpg 1 111 185 51 128
carWheel2\Cars1002182.jpg 2 201 236 46 76 509 185 38 47
carWheel2\Cars1002183.jpg 2 74 133 84 82 396 136 75 78
carWheel2\Cars1002184.jpg 2 240 194 101 128 31 169 48 80
carWheel2\Cars1002185.jpg 2 50 248 93 100 415 256 90 92
carWheel2\Cars1002186.jpg 2 238 179 70 89 460 160 63 75
carWheel2\Cars1002187.jpg 2 386 218 85 85 28 222 77 82
carWheel2\Cars1002188.jpg 2 215 242 65 87 51 264 41 66
carWheel2\Cars1002189.jpg 1 162 211 61 101
carWheel2\Cars100219.jpg 1 73 20 392 344
carWheel2\Cars1002190.jpg 2 312 206 61 131 479 192 27 84
carWheel2\Cars1002191.jpg 2 185 274 71 82 447 261 59 74
carWheel2\Cars1002192.jpg 2 150 203 95 99 458 181 53 68
carWheel2\Cars1002193.jpg 2 265 214 81 136 476 148 22 59
carWheel2\Cars1002194.jpg 2 204 224 116 139 28 177 38 68
carWheel2\Cars1002195.jpg 2 112 163 68 65 398 161 70 68
carWheel2\Cars1002196.jpg 2 154 220 73 88 437 189 52 73
carWheel2\Cars1002197.jpg 2 190 240 66 71 481 217 49 55
carWheel2\Cars1002198.jpg 2 179 265 64 119 48 218 32 72
carWheel2\Cars1002199.jpg 2 311 207 82 80 40 194 72 82
carWheel2\Cars10022.jpg 1 82 124 460 417
carWheel2\Cars100220.jpg 1 93 44 379 396
carWheel2\Cars1002200.jpg 2 191 217 96 122 473 169 32 59
carWheel2\Cars1002201.jpg 2 290 256 49 89 475 236 27 67
carWheel2\Cars1002202.jpg 2 296 165 84 126 507 144 31 80
carWheel2\Cars1002203.jpg 2 188 171 68 96 434 162 48 80
carWheel2\Cars1002204.jpg 2 215 249 123 124 469 227 35 79
carWheel2\Cars1002205.jpg 2 51 187 88 90 377 198 93 81
carWheel2\Cars1002206.jpg 2 222 287 81 106 59 233 37 73
carWheel2\Cars1002207.jpg 2 407 240 103 94 57 235 106 99
carWheel2\Cars1002208.jpg 2 274 179 76 114 475 125 31 74
carWheel2\Cars1002209.jpg 2 143 225 83 147 15 167 34 75
carWheel2\Cars100221.jpg 1 43 22 436 492
carWheel2\Cars1002210.jpg 2 36 264 102 103 401 267 92 90
carWheel2\Cars1002211.jpg 2 51 219 96 100 423 220 98 98
carWheel2\Cars1002212.jpg 1 310 283 84 113
carWheel2\Cars1002213.jpg 2 231 250 103 134 481 173 30 74
carWheel2\Cars1002214.jpg 2 261 238 73 92 473 232 35 79
carWheel2\Cars1002215.jpg 2 287 218 75 77 70 233 57 57
carWheel2\Cars1002216.jpg 1 167 250 69 116
carWheel2\Cars1002217.jpg 2 276 251 62 105 446 237 48 97
carWheel2\Cars1002218.jpg 2 287 237 80 84 99 192 40 61
carWheel2\Cars1002219.jpg 2 289 196 41 87 412 202 23 59
carWheel2\Cars100222.jpg 1 65 74 420 419
carWheel2\Cars1002220.jpg 2 292 210 50 91 439 171 31 63
carWheel2\Cars1002221.jpg 2 32 203 51 81 243 214 62 100
carWheel2\Cars1002222.jpg 2 83 187 80 72 370 188 83 69
carWheel2\Cars1002223.jpg 2 268 223 61 79 72 216 53 85
carWheel2\Cars1002224.jpg 2 201 278 81 97 448 285 60 84
carWheel2\Cars1002225.jpg 2 180 215 94 130 31 202 38 79
carWheel2\Cars1002226.jpg 2 233 168 122 145 11 150 45 78
carWheel2\Cars1002227.jpg 2 203 183 90 144 15 131 33 79
carWheel2\Cars1002228.jpg 1 183 190 90 126
carWheel2\Cars1002229.jpg 2 254 246 69 100 437 215 26 62
carWheel2\Cars100223.jpg 1 149 53 251 245
carWheel2\Cars1002230.jpg 2 234 201 67 68 100 174 35 54
carWheel2\Cars1002231.jpg 1 381 272 67 61
carWheel2\Cars1002232.jpg 3 235 239 83 94 423 201 33 58 34 177 46 43
carWheel2\Cars1002233.jpg 2 183 171 58 90 77 109 33 54
carWheel2\Cars1002234.jpg 2 150 237 82 148 24 215 27 77
carWheel2\Cars1002235.jpg 2 288 173 86 148 488 90 32 87
carWheel2\Cars1002236.jpg 2 376 204 92 92 84 207 102 93
carWheel2\Cars1002237.jpg 2 154 238 51 74 290 226 32 44
carWheel2\Cars1002238.jpg 1 186 276 62 83
carWheel2\Cars1002239.jpg 2 309 239 65 126 505 214 37 103
carWheel2\Cars100224.jpg 1 33 5 467 439
carWheel2\Cars1002240.jpg 2 309 205 77 130 490 146 27 75
carWheel2\Cars1002241.jpg 2 166 148 62 59 409 146 54 64
carWheel2\Cars1002242.jpg 2 73 204 87 84 409 202 75 84
carWheel2\Cars1002243.jpg 2 33 207 59 76 296 244 116 121
carWheel2\Cars1002244.jpg 2 308 208 61 111 497 189 23 61
carWheel2\Cars1002245.jpg 2 262 221 97 124 451 236 43 95
carWheel2\Cars1002246.jpg 1 302 218 59 127
carWheel2\Cars1002247.jpg 2 262 283 85 104 29 220 62 81
carWheel2\Cars1002248.jpg 1 172 208 75 147
carWheel2\Cars1002249.jpg 2 304 228 40 83 430 186 24 58
carWheel2\Cars100225.jpg 1 19 6 507 440
carWheel2\Cars1002250.jpg 2 167 231 88 143 16 152 41 91
carWheel2\Cars1002251.jpg 2 202 189 96 134 19 182 49 80
carWheel2\Cars1002252.jpg 2 278 252 53 53 479 238 40 47
carWheel2\Cars1002253.jpg 2 281 256 96 116 35 224 58 90
carWheel2\Cars1002254.jpg 2 183 153 70 81 419 147 66 74
carWheel2\Cars1002255.jpg 2 287 179 92 106 45 158 58 71
carWheel2\Cars1002256.jpg 2 300 237 73 134 494 189 27 72
carWheel2\Cars1002257.jpg 2 110 207 93 79 408 199 72 71
carWheel2\Cars1002258.jpg 2 230 157 86 107 471 142 55 81
carWheel2\Cars1002259.jpg 2 180 202 67 77 379 185 39 64
carWheel2\Cars100226.jpg 1 34 0 397 385
carWheel2\Cars1002260.jpg 2 64 201 86 75 377 201 85 77
carWheel2\Cars1002261.jpg 2 189 223 82 93 447 221 64 78
carWheel2\Cars1002262.jpg 2 231 220 77 102 459 180 35 66
carWheel2\Cars1002263.jpg 2 55 185 84 82 395 183 86 84
carWheel2\Cars1002264.jpg 2 211 288 75 88 438 306 47 73
carWheel2\Cars1002265.jpg 2 249 213 84 109 475 169 48 94
carWheel2\Cars1002266.jpg 2 193 209 78 130 58 143 24 66
carWheel2\Cars1002267.jpg 2 332 247 77 86 39 234 64 77
carWheel2\Cars1002268.jpg 2 182 202 52 73 435 206 59 69
carWheel2\Cars1002269.jpg 2 119 223 76 68 439 189 69 68
carWheel2\Cars100227.jpg 1 145 69 243 250
carWheel2\Cars1002270.jpg 2 47 207 91 77 391 218 101 77
carWheel2\Cars1002271.jpg 2 272 248 72 112 474 195 24 66
carWheel2\Cars1002272.jpg 2 242 216 75 90 73 175 37 65
carWheel2\Cars1002273.jpg 2 332 207 49 118 471 189 26 87
carWheel2\Cars1002274.jpg 2 408 196 65 66 104 205 71 65
carWheel2\Cars1002275.jpg 2 226 162 96 119 19 153 52 78
carWheel2\Cars1002276.jpg 1 176 220 76 138
carWheel2\Cars1002277.jpg 2 171 239 67 129 41 221 33 75
carWheel2\Cars1002278.jpg 2 111 176 66 62 368 178 60 62
carWheel2\Cars1002279.jpg 2 183 202 81 130 30 165 42 86
carWheel2\Cars100228.jpg 1 64 29 481 475
carWheel2\Cars1002280.jpg 2 471 116 39 70 214 151 82 103
carWheel2\Cars1002281.jpg 2 392 234 72 74 67 229 64 66
carWheel2\Cars1002282.jpg 2 213 180 56 68 391 170 46 65
carWheel2\Cars1002283.jpg 2 249 207 47 79 138 204 31 66
carWheel2\Cars1002284.jpg 2 258 278 81 146 465 255 48 93
carWheel2\Cars1002285.jpg 2 167 90 56 59 380 91 54 54
carWheel2\Cars1002286.jpg 2 205 90 96 109 458 66 53 85
carWheel2\Cars1002287.jpg 2 66 244 97 85 407 239 86 92
carWheel2\Cars1002288.jpg 2 255 264 80 129 473 220 39 88
carWheel2\Cars1002289.jpg 2 344 272 96 115 70 245 48 73
carWheel2\Cars100229.jpg 1 41 33 435 411
carWheel2\Cars1002290.jpg 1 182 212 53 111
carWheel2\Cars1002291.jpg 2 197 248 95 134 14 190 40 78
carWheel2\Cars1002292.jpg 2 275 242 93 126 489 210 29 63
carWheel2\Cars1002293.jpg 2 127 192 83 91 447 181 53 70
carWheel2\Cars1002294.jpg 2 81 209 68 67 379 219 64 66
carWheel2\Cars1002295.jpg 1 167 239 56 130
carWheel2\Cars1002296.jpg 1 188 225 85 148
carWheel2\Cars1002297.jpg 2 227 218 54 88 463 168 40 67
carWheel2\Cars1002298.jpg 2 151 236 50 52 348 234 48 47
carWheel2\Cars1002299.jpg 2 165 181 64 115 37 167 37 89
carWheel2\Cars10023.jpg 1 82 39 369 349
carWheel2\Cars100230.jpg 1 154 59 236 235
carWheel2\Cars1002300.jpg 1 321 183 117 118
carWheel2\Cars1002301.jpg 2 189 254 97 120 477 191 36 69
carWheel2\Cars1002302.jpg 2 265 226 71 104 466 202 33 60
carWheel2\Cars1002303.jpg 2 175 239 78 134 56 198 28 78
carWheel2\Cars1002304.jpg 2 341 208 79 69 119 218 62 58
carWheel2\Cars1002305.jpg 2 45 136 36 85 194 183 67 118
carWheel2\Cars1002306.jpg 2 197 293 81 116 453 264 31 60
carWheel2\Cars1002307.jpg 2 170 203 74 123 36 165 28 71
carWheel2\Cars1002308.jpg 1 222 286 57 88
carWheel2\Cars1002309.jpg 2 265 164 88 95 52 179 62 94
carWheel2\Cars100231.jpg 1 33 7 480 441
carWheel2\Cars1002310.jpg 2 289 235 74 134 456 212 24 71
carWheel2\Cars1002311.jpg 1 303 234 98 100
carWheel2\Cars1002312.jpg 2 236 221 85 112 29 206 47 80
carWheel2\Cars1002313.jpg 2 236 220 65 93 485 198 52 84
carWheel2\Cars1002314.jpg 2 222 217 112 146 500 190 35 82
carWheel2\Cars1002315.jpg 2 226 213 72 98 449 188 37 68
carWheel2\Cars1002316.jpg 2 227 211 108 140 490 180 39 81
carWheel2\Cars1002317.jpg 1 337 220 77 150
carWheel2\Cars1002318.jpg 2 241 249 87 105 497 206 31 71
carWheel2\Cars1002319.jpg 2 237 214 74 82 427 185 33 56
carWheel2\Cars100232.jpg 1 21 22 519 510
carWheel2\Cars1002320.jpg 1 303 244 95 132
carWheel2\Cars1002321.jpg 2 187 237 97 98 464 197 42 69
carWheel2\Cars1002322.jpg 2 191 257 85 142 21 192 33 86
carWheel2\Cars1002323.jpg 2 192 196 65 87 448 193 53 83
carWheel2\Cars1002324.jpg 2 278 228 82 94 47 198 51 69
carWheel2\Cars1002325.jpg 2 237 185 96 117 470 127 39 71
carWheel2\Cars1002326.jpg 1 186 255 54 107
carWheel2\Cars1002327.jpg 2 291 286 79 111 460 206 28 62
carWheel2\Cars1002328.jpg 2 165 238 80 145 21 175 33 84
carWheel2\Cars1002329.jpg 0
carWheel2\Cars100233.jpg 1 150 23 224 250
carWheel2\Cars1002330.jpg 2 244 221 71 88 445 219 35 74
carWheel2\Cars1002331.jpg 2 262 225 74 102 119 220 37 67
carWheel2\Cars1002332.jpg 2 235 224 114 132 72 240 33 68
carWheel2\Cars1002333.jpg 2 207 238 161 162 17 205 62 112
carWheel2\Cars1002334.jpg 2 199 180 68 97 53 142 39 78
carWheel2\Cars1002335.jpg 2 327 216 47 70 187 218 34 50
carWheel2\Cars1002336.jpg 1 200 233 85 102
carWheel2\Cars1002337.jpg 2 256 250 78 122 472 235 37 84
carWheel2\Cars1002338.jpg 2 385 253 76 80 52 231 90 91
carWheel2\Cars1002339.jpg 1 203 222 33 60
carWheel2\Cars100234.jpg 1 128 19 282 311
carWheel2\Cars1002340.jpg 2 249 243 83 110 47 204 40 76
carWheel2\Cars1002341.jpg 2 317 187 36 66 432 187 30 53
carWheel2\Cars1002342.jpg 2 258 216 59 107 444 203 31 79
carWheel2\Cars1002343.jpg 2 237 184 78 112 60 139 36 63
carWheel2\Cars1002344.jpg 2 64 195 57 59 316 238 64 62
carWheel2\Cars1002345.jpg 2 273 220 76 82 91 245 43 58
carWheel2\Cars1002346.jpg 2 341 259 66 72 80 262 60 65
carWheel2\Cars1002347.jpg 1 287 210 91 115
carWheel2\Cars1002348.jpg 1 188 191 47 115
carWheel2\Cars1002349.jpg 2 182 177 67 87 444 168 58 82
carWheel2\Cars100235.jpg 1 67 111 336 377
carWheel2\Cars1002350.jpg 2 147 235 89 105 441 207 46 75
carWheel2\Cars1002351.jpg 2 195 209 71 95 27 187 42 75
carWheel2\Cars1002352.jpg 2 100 239 73 81 400 239 82 75
carWheel2\Cars1002353.jpg 2 477 134 56 78 219 131 82 101
carWheel2\Cars1002354.jpg 2 251 226 86 129 482 186 27 68
carWheel2\Cars1002355.jpg 2 161 241 97 105 447 218 61 84
carWheel2\Cars1002356.jpg 2 195 227 77 87 441 229 66 78
carWheel2\Cars1002357.jpg 1 163 185 56 114
carWheel2\Cars1002358.jpg 2 285 211 78 116 481 181 31 68
carWheel2\Cars1002359.jpg 1 356 202 53 126
carWheel2\Cars100236.jpg 1 90 38 374 347
carWheel2\Cars1002360.jpg 2 118 174 80 73 403 171 73 70
carWheel2\Cars1002361.jpg 1 164 257 72 149
carWheel2\Cars1002362.jpg 2 187 255 90 132 27 187 36 66
carWheel2\Cars1002363.jpg 2 259 284 64 84 71 241 38 57
carWheel2\Cars1002364.jpg 2 277 258 78 134 470 220 27 68
carWheel2\Cars1002365.jpg 1 365 205 45 133
carWheel2\Cars1002366.jpg 2 216 267 71 77 431 233 38 54
carWheel2\Cars1002367.jpg 1 314 232 53 103
carWheel2\Cars1002368.jpg 2 247 196 65 92 437 179 45 73
carWheel2\Cars1002369.jpg 2 412 218 72 66 85 217 76 71
carWheel2\Cars100237.jpg 1 73 72 438 516
carWheel2\Cars1002370.jpg 2 215 212 84 117 32 190 41 70
carWheel2\Cars1002371.jpg 2 238 260 101 139 483 203 45 86
carWheel2\Cars1002372.jpg 2 283 195 79 115 485 191 35 82
carWheel2\Cars1002373.jpg 2 223 239 89 111 478 181 59 78
carWheel2\Cars1002374.jpg 1 293 189 93 155
carWheel2\Cars1002375.jpg 2 318 219 52 108 478 175 33 82
carWheel2\Cars1002376.jpg 2 32 101 31 81 269 83 44 61
carWheel2\Cars1002377.jpg 2 255 218 48 90 438 240 46 81
carWheel2\Cars1002378.jpg 2 159 202 86 87 448 185 50 63
carWheel2\Cars1002379.jpg 1 215 215 50 82
carWheel2\Cars100238.jpg 1 50 17 422 355
carWheel2\Cars1002380.jpg 2 219 258 99 99 455 209 33 66
carWheel2\Cars1002381.jpg 1 148 255 57 134
carWheel2\Cars1002382.jpg 2 79 228 63 69 414 222 66 64
carWheel2\Cars1002383.jpg 1 331 228 44 125
carWheel2\Cars1002384.jpg 2 174 185 54 99 50 169 26 61
carWheel2\Cars1002385.jpg 2 65 217 60 73 322 227 81 81
carWheel2\Cars1002386.jpg 2 95 303 42 58 291 330 72 80
carWheel2\Cars1002387.jpg 2 231 293 67 82 408 255 29 48
carWheel2\Cars1002388.jpg 2 203 161 87 107 464 171 46 86
carWheel2\Cars1002389.jpg 2 130 194 88 92 445 169 53 75
carWheel2\Cars100239.jpg 1 91 132 354 352
carWheel2\Cars1002390.jpg 2 212 136 60 109 22 119 47 100
carWheel2\Cars1002391.jpg 1 283 212 82 124
carWheel2\Cars1002392.jpg 2 388 185 87 83 65 183 81 84
carWheel2\Cars1002393.jpg 1 301 245 80 129
carWheel2\Cars1002394.jpg 2 51 167 97 93 392 170 90 92
carWheel2\Cars1002395.jpg 2 226 219 43 103 86 215 68 85
carWheel2\Cars1002396.jpg 2 130 205 68 70 393 206 70 71
carWheel2\Cars1002397.jpg 2 284 155 69 135 479 151 33 90
carWheel2\Cars1002398.jpg 2 145 165 93 95 394 145 44 63
carWheel2\Cars1002399.jpg 2 222 255 62 83 87 194 31 58
carWheel2\Cars10024.jpg 1 139 44 320 293
carWheel2\Cars100240.jpg 1 33 17 485 430
carWheel2\Cars1002400.jpg 2 261 191 79 112 485 180 39 85
carWheel2\Cars1002401.jpg 2 214 250 78 89 445 186 37 65
carWheel2\Cars1002402.jpg 2 269 215 81 117 486 185 27 77
carWheel2\Cars1002403.jpg 2 367 223 84 90 30 203 64 74
carWheel2\Cars1002404.jpg 2 92 226 73 79 402 229 77 72
carWheel2\Cars1002405.jpg 2 227 271 94 112 493 199 38 80
carWheel2\Cars1002406.jpg 2 186 210 100 117 480 206 52 80
carWheel2\Cars1002407.jpg 2 254 225 66 88 84 210 31 54
carWheel2\Cars1002408.jpg 2 177 207 102 114 457 171 51 85
carWheel2\Cars1002409.jpg 2 104 227 77 75 405 199 63 69
carWheel2\Cars100241.jpg 1 64 95 424 406
carWheel2\Cars1002410.jpg 0
carWheel2\Cars1002411.jpg 3 224 127 70 87 16 112 52 74 449 97 38 36
carWheel2\Cars1002412.jpg 2 276 217 61 74 108 209 36 62
carWheel2\Cars1002413.jpg 1 320 233 54 137
carWheel2\Cars1002414.jpg 3 190 237 82 125 30 187 36 74 434 132 22 26
carWheel2\Cars1002415.jpg 2 230 227 66 88 457 209 43 73
carWheel2\Cars1002416.jpg 2 212 218 92 122 483 171 34 70
carWheel2\Cars1002417.jpg 2 287 217 73 114 457 142 29 70
carWheel2\Cars1002418.jpg 2 200 198 71 118 49 179 38 72
carWheel2\Cars1002419.jpg 2 75 245 64 68 382 254 81 86
carWheel2\Cars100242.jpg 1 154 27 244 296
carWheel2\Cars1002420.jpg 2 185 191 94 101 453 155 41 68
carWheel2\Cars1002421.jpg 2 84 222 60 68 392 224 77 80
carWheel2\Cars1002422.jpg 1 150 229 134 135
carWheel2\Cars1002423.jpg 2 177 222 145 147 10 200 34 82
carWheel2\Cars1002424.jpg 1 286 238 78 136
carWheel2\Cars1002425.jpg 1 206 221 105 148
carWheel2\Cars1002426.jpg 2 94 224 79 69 425 218 67 65
carWheel2\Cars1002427.jpg 2 195 195 74 77 435 207 62 74
carWheel2\Cars1002428.jpg 2 259 207 90 104 466 215 38 85
carWheel2\Cars1002429.jpg 2 265 268 52 76 391 240 27 46
carWheel2\Cars100243.jpg 1 167 27 203 247
carWheel2\Cars1002430.jpg 2 111 270 80 72 419 265 65 70
carWheel2\Cars1002431.jpg 1 69 117 58 68
carWheel2\Cars1002432.jpg 2 220 256 55 77 393 243 41 63
carWheel2\Cars1002433.jpg 2 172 185 73 79 430 174 63 70
carWheel2\Cars1002434.jpg 2 55 196 93 88 378 200 92 89
carWheel2\Cars1002435.jpg 2 225 176 59 90 449 206 51 80
carWheel2\Cars1002436.jpg 2 276 235 64 86 30 207 77 86
carWheel2\Cars1002437.jpg 2 250 233 112 111 42 201 36 64
carWheel2\Cars1002438.jpg 1 212 429 83 123
carWheel2\Cars1002439.jpg 2 96 179 83 78 410 178 87 80
carWheel2\Cars100244.jpg 1 88 114 445 444
carWheel2\Cars1002440.jpg 2 69 148 79 75 383 148 82 73
carWheel2\Cars1002441.jpg 2 266 231 69 128 486 185 27 67
carWheel2\Cars1002442.jpg 2 261 161 84 130 509 138 36 82
carWheel2\Cars1002443.jpg 2 124 297 95 94 416 290 85 85
carWheel2\Cars1002444.jpg 2 228 203 61 95 57 211 53 82
carWheel2\Cars1002445.jpg 0
carWheel2\Cars1002446.jpg 2 172 265 68 85 438 269 64 80
carWheel2\Cars1002447.jpg 2 262 288 64 74 457 278 46 63
carWheel2\Cars1002448.jpg 2 301 129 87 151 511 178 33 91
carWheel2\Cars1002449.jpg 2 202 193 69 93 452 179 47 74
carWheel2\Cars100245.jpg 1 138 44 253 255
carWheel2\Cars1002450.jpg 3 233 213 79 111 69 156 32 59 37 104 23 29
carWheel2\Cars1002451.jpg 2 257 182 57 84 44 140 52 82
carWheel2\Cars1002452.jpg 2 203 203 92 141 21 159 33 66
carWheel2\Cars1002453.jpg 2 276 203 62 112 499 165 40 92
carWheel2\Cars1002454.jpg 2 284 185 75 116 473 162 27 72
carWheel2\Cars1002455.jpg 2 247 207 88 115 47 162 40 69
carWheel2\Cars1002456.jpg 2 244 296 76 97 40 247 36 65
carWheel2\Cars1002457.jpg 2 54 216 87 81 380 208 80 81
carWheel2\Cars1002458.jpg 2 238 243 79 112 465 233 44 80
carWheel2\Cars1002459.jpg 2 374 252 73 71 82 247 70 70
carWheel2\Cars100246.jpg 1 164 20 193 258
carWheel2\Cars1002460.jpg 2 222 188 41 73 101 152 32 59
carWheel2\Cars1002461.jpg 2 256 225 54 98 445 181 24 56
carWheel2\Cars1002462.jpg 1 418 165 58 50
carWheel2\Cars1002463.jpg 2 200 217 43 70 79 168 31 57
carWheel2\Cars1002464.jpg 2 222 264 77 103 479 198 39 73
carWheel2\Cars1002465.jpg 2 268 215 49 79 142 210 28 57
carWheel2\Cars1002466.jpg 2 215 156 75 114 1 150 53 98
carWheel2\Cars1002467.jpg 1 371 78 18 37
carWheel2\Cars1002468.jpg 2 99 329 80 77 412 320 71 72
carWheel2\Cars1002469.jpg 2 256 204 80 103 25 158 53 81
carWheel2\Cars100247.jpg 1 36 77 362 450
carWheel2\Cars1002470.jpg 2 66 238 82 80 376 245 76 75
carWheel2\Cars1002471.jpg 2 147 204 86 92 421 202 51 67
carWheel2\Cars1002472.jpg 2 304 229 63 98 492 190 38 77
carWheel2\Cars1002473.jpg 2 258 231 83 100 37 172 34 67
carWheel2\Cars1002474.jpg 2 221 259 69 91 442 222 35 50
carWheel2\Cars1002475.jpg 2 205 281 93 110 452 246 42 69
carWheel2\Cars1002476.jpg 2 245 266 57 95 450 279 42 83
carWheel2\Cars1002477.jpg 2 288 225 59 113 427 171 27 70
carWheel2\Cars1002478.jpg 2 255 257 77 103 484 200 29 69
carWheel2\Cars1002479.jpg 2 212 225 66 110 43 188 38 74
carWheel2\Cars100248.jpg 1 165 89 218 214
carWheel2\Cars1002480.jpg 2 236 269 83 113 449 233 34 70
carWheel2\Cars1002481.jpg 2 166 154 49 43 343 166 46 47
carWheel2\Cars1002482.jpg 1 336 234 55 106
carWheel2\Cars1002483.jpg 2 277 207 70 122 476 165 48 94
carWheel2\Cars1002484.jpg 1 91 207 58 165
carWheel2\Cars1002485.jpg 2 205 215 75 135 52 195 28 76
carWheel2\Cars1002486.jpg 2 169 169 65 111 37 125 32 74
carWheel2\Cars1002487.jpg 1 84 232 103 99
carWheel2\Cars1002488.jpg 2 323 241 79 120 30 138 51 44
carWheel2\Cars1002489.jpg 2 199 208 91 145 19 143 33 82
carWheel2\Cars100249.jpg 1 178 68 200 231
carWheel2\Cars1002490.jpg 2 245 150 81 87 66 161 50 68
carWheel2\Cars1002491.jpg 2 263 182 73 100 35 165 61 95
carWheel2\Cars1002492.jpg 1 234 209 97 126
carWheel2\Cars1002493.jpg 1 292 247 99 159
carWheel2\Cars1002494.jpg 2 204 226 57 86 35 208 42 73
carWheel2\Cars1002495.jpg 2 332 466 53 113 467 374 33 92
carWheel2\Cars1002496.jpg 2 176 157 76 111 26 151 40 82
carWheel2\Cars1002497.jpg 2 198 173 57 106 44 167 40 87
carWheel2\Cars1002498.jpg 2 231 197 95 130 13 191 38 72
carWheel2\Cars1002499.jpg 2 285 208 70 107 428 205 29 77
carWheel2\Cars10025.jpg 1 86 84 360 438
carWheel2\Cars100250.jpg 1 93 89 352 439
carWheel2\Cars1002500.jpg 2 266 257 83 118 487 217 38 77
carWheel2\Cars1002501.jpg 2 228 229 96 132 472 204 38 77
carWheel2\Cars1002502.jpg 2 206 219 71 78 436 205 36 57
carWheel2\Cars1002503.jpg 2 148 222 69 74 404 218 53 63
carWheel2\Cars1002504.jpg 2 72 118 64 67 354 117 67 68
carWheel2\Cars1002505.jpg 2 72 181 96 87 385 188 70 74
carWheel2\Cars1002506.jpg 2 80 237 67 66 367 233 79 72
carWheel2\Cars1002507.jpg 2 163 153 65 77 382 174 42 60
carWheel2\Cars1002508.jpg 2 271 257 83 96 85 245 41 68
carWheel2\Cars1002509.jpg 2 401 142 80 86 60 144 95 91
carWheel2\Cars100251.jpg 1 136 20 262 303
carWheel2\Cars1002510.jpg 2 311 215 68 76 79 199 52 61
carWheel2\Cars1002511.jpg 2 218 186 78 109 43 128 31 72
carWheel2\Cars1002512.jpg 2 298 179 92 104 55 169 43 66
carWheel2\Cars1002513.jpg 2 196 297 66 80 421 259 31 54
carWheel2\Cars1002514.jpg 2 284 242 77 120 495 191 26 70
carWheel2\Cars1002515.jpg 2 79 176 83 75 408 166 74 80
carWheel2\Cars1002516.jpg 1 181 214 58 104
carWheel2\Cars1002517.jpg 2 135 193 55 57 364 198 62 55
carWheel2\Cars1002518.jpg 1 215 244 76 105
carWheel2\Cars1002519.jpg 2 87 182 72 67 348 179 72 67
carWheel2\Cars100252.jpg 1 53 117 348 425
carWheel2\Cars1002520.jpg 1 257 232 78 106
carWheel2\Cars1002521.jpg 1 258 243 55 93
carWheel2\Cars1002522.jpg 2 106 294 71 73 422 295 76 75
carWheel2\Cars1002523.jpg 2 288 200 77 139 463 134 28 75
carWheel2\Cars1002524.jpg 2 246 173 63 97 99 122 32 62
carWheel2\Cars1002525.jpg 2 195 192 82 126 52 103 30 80
carWheel2\Cars1002526.jpg 2 275 226 62 71 96 230 50 65
carWheel2\Cars1002527.jpg 2 100 249 50 60 326 271 65 70
carWheel2\Cars1002528.jpg 2 226 225 59 88 411 221 42 68
carWheel2\Cars1002529.jpg 2 63 208 109 106 430 170 63 86
carWheel2\Cars100253.jpg 1 104 74 251 264
carWheel2\Cars1002530.jpg 1 317 200 65 126
carWheel2\Cars1002531.jpg 2 297 226 50 85 492 155 26 29
carWheel2\Cars1002532.jpg 2 174 286 88 96 466 268 47 65
carWheel2\Cars1002533.jpg 1 302 214 89 142
carWheel2\Cars1002534.jpg 1 311 239 79 137
carWheel2\Cars1002535.jpg 2 213 255 59 66 425 216 47 57
carWheel2\Cars1002536.jpg 2 247 257 65 82 94 263 41 64
carWheel2\Cars1002537.jpg 1 49 202 36 71
carWheel2\Cars1002538.jpg 2 295 254 44 71 417 238 25 52
carWheel2\Cars1002539.jpg 1 333 240 59 141
carWheel2\Cars100254.jpg 1 139 38 262 301
carWheel2\Cars1002540.jpg 2 304 221 84 94 81 204 52 68
carWheel2\Cars1002541.jpg 2 254 227 101 123 63 179 29 63
carWheel2\Cars1002542.jpg 1 241 197 74 111
carWheel2\Cars1002543.jpg 2 300 188 54 74 140 180 41 57
carWheel2\Cars1002544.jpg 2 120 298 102 98 428 285 61 78
carWheel2\Cars1002545.jpg 2 157 345 59 65 401 346 52 57
carWheel2\Cars1002546.jpg 1 273 233 77 121
carWheel2\Cars1002547.jpg 2 254 264 74 96 27 261 58 81
carWheel2\Cars1002548.jpg 2 89 286 88 91 429 264 47 67
carWheel2\Cars1002549.jpg 1 266 231 61 91
carWheel2\Cars100255.jpg 1 68 25 427 336
carWheel2\Cars1002550.jpg 2 241 299 68 93 444 257 24 52
carWheel2\Cars1002551.jpg 2 238 218 97 120 49 186 43 74
carWheel2\Cars1002552.jpg 2 242 189 88 95 28 108 63 81
carWheel2\Cars1002553.jpg 1 110 181 38 40
carWheel2\Cars1002554.jpg 2 239 211 79 101 29 171 36 66
carWheel2\Cars1002555.jpg 2 183 220 74 91 437 196 50 80
carWheel2\Cars1002556.jpg 2 258 267 86 119 487 217 33 70
carWheel2\Cars1002557.jpg 2 311 225 61 105 520 94 24 30
carWheel2\Cars1002558.jpg 2 297 263 58 63 137 243 38 46
carWheel2\Cars1002559.jpg 2 237 152 52 79 416 150 41 74
carWheel2\Cars100256.jpg 1 41 8 464 446
carWheel2\Cars1002560.jpg 2 268 203 84 92 58 167 53 84
carWheel2\Cars1002561.jpg 2 213 222 99 118 469 157 33 68
carWheel2\Cars1002562.jpg 2 80 203 79 75 397 206 81 79
carWheel2\Cars1002563.jpg 2 264 227 75 96 462 177 26 48
carWheel2\Cars1002564.jpg 2 190 130 49 70 26 115 44 62
carWheel2\Cars1002565.jpg 2 192 220 68 79 441 183 58 72
carWheel2\Cars1002566.jpg 2 241 275 36 72 108 221 29 63
carWheel2\Cars1002567.jpg 2 265 235 99 109 35 201 48 72
carWheel2\Cars1002568.jpg 2 178 205 82 133 23 177 32 76
carWheel2\Cars1002569.jpg 2 213 241 64 90 463 211 52 89
carWheel2\Cars100257.jpg 1 79 100 438 434
carWheel2\Cars1002570.jpg 1 398 243 58 63
carWheel2\Cars1002571.jpg 2 256 163 63 109 481 154 46 86
carWheel2\Cars1002572.jpg 2 189 214 79 92 441 201 40 63
carWheel2\Cars1002573.jpg 2 318 270 97 101 68 270 45 61
carWheel2\Cars1002574.jpg 2 213 197 83 108 463 161 47 75
carWheel2\Cars1002575.jpg 2 272 250 56 99 462 239 39 84
carWheel2\Cars1002576.jpg 2 362 169 72 71 79 165 68 74
carWheel2\Cars1002577.jpg 2 63 180 56 70 263 189 83 81
carWheel2\Cars1002578.jpg 2 211 194 48 65 369 168 33 49
carWheel2\Cars1002579.jpg 2 99 191 79 72 379 179 86 78
carWheel2\Cars100258.jpg 1 99 47 308 296
carWheel2\Cars1002580.jpg 1 236 200 68 98
carWheel2\Cars1002581.jpg 2 243 300 69 96 65 274 34 65
carWheel2\Cars1002582.jpg 2 241 199 69 106 67 145 32 66
carWheel2\Cars1002583.jpg 2 242 240 59 67 60 226 53 61
carWheel2\Cars1002584.jpg 2 229 211 82 103 472 215 49 80
carWheel2\Cars1002585.jpg 2 231 227 84 114 492 167 39 72
carWheel2\Cars1002586.jpg 2 369 255 84 83 63 250 64 72
carWheel2\Cars1002587.jpg 1 257 208 98 139
carWheel2\Cars1002588.jpg 2 216 236 57 63 56 242 41 58
carWheel2\Cars1002589.jpg 2 257 138 69 107 493 113 47 86
carWheel2\Cars100259.jpg 1 30 10 476 445
carWheel2\Cars1002590.jpg 2 271 224 99 105 19 174 46 70
carWheel2\Cars1002591.jpg 2 86 293 89 80 434 282 86 81
carWheel2\Cars1002592.jpg 2 81 248 56 68 309 258 78 76
carWheel2\Cars1002593.jpg 2 206 275 58 88 72 227 24 55
carWheel2\Cars1002594.jpg 2 277 172 74 88 32 163 58 81
carWheel2\Cars1002595.jpg 2 300 192 68 71 84 192 55 64
carWheel2\Cars1002596.jpg 2 242 230 87 115 17 225 49 84
carWheel2\Cars1002597.jpg 3 172 223 74 92 425 205 45 60 74 119 19 22
carWheel2\Cars1002598.jpg 2 85 229 122 124 452 194 61 89
carWheel2\Cars1002599.jpg 2 187 270 82 124 22 178 30 81
carWheel2\Cars10026.jpg 1 1 4 467 542
carWheel2\Cars100260.jpg 1 98 22 307 464
carWheel2\Cars1002600.jpg 2 291 195 63 99 483 178 35 75
carWheel2\Cars1002601.jpg 2 210 250 77 99 452 223 43 77
carWheel2\Cars1002602.jpg 2 52 184 73 70 360 186 82 77
carWheel2\Cars1002603.jpg 2 194 290 71 82 430 290 47 72
carWheel2\Cars1002604.jpg 2 289 219 58 72 119 207 37 50
carWheel2\Cars1002605.jpg 2 216 211 72 122 12 159 39 85
carWheel2\Cars1002606.jpg 2 250 200 83 107 110 182 29 73
carWheel2\Cars1002607.jpg 2 146 247 60 53 375 245 54 52
carWheel2\Cars1002608.jpg 2 187 212 94 100 448 227 49 77
carWheel2\Cars1002609.jpg 3 244 242 69 66 84 219 37 43 84 219 37 43
carWheel2\Cars100261.jpg 1 66 25 401 381
carWheel2\Cars1002610.jpg 2 209 238 61 101 40 225 31 70
carWheel2\Cars1002611.jpg 2 220 220 65 95 472 212 40 72
carWheel2\Cars1002612.jpg 2 147 242 88 100 456 223 62 80
carWheel2\Cars1002613.jpg 1 356 177 66 67
carWheel2\Cars1002614.jpg 2 399 192 85 79 99 200 82 84
carWheel2\Cars1002615.jpg 2 215 249 90 126 31 189 40 82
carWheel2\Cars1002616.jpg 2 222 254 79 113 440 204 24 52
carWheel2\Cars1002617.jpg 2 251 264 69 103 12 267 68 89
carWheel2\Cars1002618.jpg 2 75 254 87 83 403 253 84 81
carWheel2\Cars1002619.jpg 2 239 237 95 99 30 240 60 85
carWheel2\Cars100262.jpg 1 173 62 245 235
carWheel2\Cars1002620.jpg 2 204 246 50 103 60 216 29 74
carWheel2\Cars1002621.jpg 1 309 228 58 108
carWheel2\Cars1002622.jpg 1 270 241 78 134
carWheel2\Cars1002623.jpg 2 235 212 59 88 46 217 48 73
carWheel2\Cars1002624.jpg 2 309 198 55 116 490 136 35 92
carWheel2\Cars1002625.jpg 2 173 162 69 83 453 144 41 66
carWheel2\Cars1002626.jpg 2 331 155 102 94 33 129 65 81
carWheel2\Cars1002627.jpg 2 179 236 52 108 27 246 46 95
carWheel2\Cars1002628.jpg 2 179 262 98 148 11 185 40 88
carWheel2\Cars1002629.jpg 2 248 247 67 92 26 245 73 81
carWheel2\Cars100263.jpg 1 149 102 275 269
carWheel2\Cars1002630.jpg 2 112 244 75 76 408 233 41 54
carWheel2\Cars1002631.jpg 2 272 188 83 95 49 154 52 63
carWheel2\Cars1002632.jpg 2 275 270 66 78 79 251 32 50
carWheel2\Cars1002633.jpg 1 195 188 72 123
carWheel2\Cars1002634.jpg 2 276 239 72 88 73 211 44 63
carWheel2\Cars1002635.jpg 2 376 244 70 69 63 241 71 75
carWheel2\Cars1002636.jpg 2 232 201 75 105 473 200 56 94
carWheel2\Cars1002637.jpg 2 296 156 65 84 86 160 47 66
carWheel2\Cars1002638.jpg 1 149 203 56 130
carWheel2\Cars1002639.jpg 2 116 272 97 95 426 242 49 65
carWheel2\Cars100264.jpg 1 129 28 308 297
carWheel2\Cars1002640.jpg 1 161 191 68 131
carWheel2\Cars1002641.jpg 1 161 230 48 115
carWheel2\Cars1002642.jpg 1 346 204 87 87
carWheel2\Cars1002643.jpg 2 243 163 73 110 460 154 48 97
carWheel2\Cars1002644.jpg 2 392 200 69 70 91 189 77 77
carWheel2\Cars1002645.jpg 2 213 182 64 86 446 150 36 65
carWheel2\Cars1002646.jpg 1 241 195 57 71
carWheel2\Cars1002647.jpg 2 198 223 77 134 29 219 44 93
carWheel2\Cars1002648.jpg 2 137 228 67 69 393 225 62 66
carWheel2\Cars1002649.jpg 2 118 209 82 85 422 195 59 66
carWheel2\Cars100265.jpg 1 153 128 258 250
carWheel2\Cars1002650.jpg 2 266 218 94 94 48 166 38 63
carWheel2\Cars1002651.jpg 2 299 234 90 97 53 186 41 62
carWheel2\Cars1002652.jpg 2 207 214 92 116 468 185 42 80
carWheel2\Cars1002653.jpg 1 452 186 32 82
carWheel2\Cars1002654.jpg 2 299 205 60 120 110 73 25 26
carWheel2\Cars1002655.jpg 2 248 133 55 74 426 117 41 67
carWheel2\Cars1002656.jpg 2 127 230 102 97 442 216 64 82
carWheel2\Cars1002657.jpg 2 211 262 64 59 447 256 62 62
carWheel2\Cars1002658.jpg 2 222 200 95 121 26 191 51 104
carWheel2\Cars1002659.jpg 2 294 155 79 86 47 159 62 79
carWheel2\Cars100266.jpg 1 83 55 358 350
carWheel2\Cars1002660.jpg 4 161 283 92 98 468 242 38 61 117 184 26 27 38 182 23 22
carWheel2\Cars1002661.jpg 1 193 233 74 95
carWheel2\Cars1002662.jpg 2 232 147 87 105 52 113 29 67
carWheel2\Cars1002663.jpg 2 73 236 75 77 390 225 76 75
carWheel2\Cars1002664.jpg 2 24 108 51 104 208 132 61 111
carWheel2\Cars1002665.jpg 2 466 211 46 70 238 232 69 93
carWheel2\Cars1002666.jpg 2 246 231 107 115 23 188 46 67
carWheel2\Cars1002667.jpg 2 25 185 44 81 207 197 77 113
carWheel2\Cars1002668.jpg 2 291 208 93 100 47 175 45 63
carWheel2\Cars1002669.jpg 2 176 131 82 83 444 130 55 77
carWheel2\Cars100267.jpg 1 38 88 356 430
carWheel2\Cars1002670.jpg 2 114 240 64 71 388 247 62 62
carWheel2\Cars1002671.jpg 2 239 284 61 79 437 251 37 60
carWheel2\Cars1002672.jpg 2 213 243 98 148 482 206 35 83
carWheel2\Cars1002673.jpg 2 233 113 72 97 484 88 53 99
carWheel2\Cars1002674.jpg 2 223 209 55 83 417 203 38 68
carWheel2\Cars1002675.jpg 3 172 171 66 111 22 67 34 31 489 37 40 42
carWheel2\Cars1002676.jpg 2 372 188 79 66 57 186 77 65
carWheel2\Cars1002677.jpg 2 156 241 69 81 410 225 46 60
carWheel2\Cars1002678.jpg 2 97 208 60 57 355 217 57 55
carWheel2\Cars1002679.jpg 2 283 155 65 85 59 164 85 81
carWheel2\Cars100268.jpg 1 131 136 243 294
carWheel2\Cars1002680.jpg 2 288 220 105 111 40 228 45 71
carWheel2\Cars1002681.jpg 2 276 263 93 103 27 214 61 92
carWheel2\Cars1002682.jpg 2 222 194 118 120 38 184 42 82
carWheel2\Cars1002683.jpg 2 262 160 84 97 25 135 67 80
carWheel2\Cars1002684.jpg 2 86 174 73 75 367 177 74 68
carWheel2\Cars1002685.jpg 2 219 235 69 84 456 213 52 77
carWheel2\Cars1002686.jpg 2 392 182 70 66 126 189 78 73
carWheel2\Cars1002687.jpg 2 48 229 77 73 403 246 67 69
carWheel2\Cars1002688.jpg 2 126 264 128 124 438 166 43 81
carWheel2\Cars1002689.jpg 2 259 145 50 89 450 143 42 83
carWheel2\Cars100269.jpg 1 39 12 451 432
carWheel2\Cars1002690.jpg 2 209 279 62 115 61 237 23 52
carWheel2\Cars1002691.jpg 2 240 231 75 111 431 186 28 62
carWheel2\Cars1002692.jpg 1 179 211 88 132
carWheel2\Cars1002693.jpg 2 261 255 70 95 30 244 54 80
carWheel2\Cars1002694.jpg 2 63 91 74 78 382 99 74 70
carWheel2\Cars1002695.jpg 2 248 253 71 96 48 243 43 66
carWheel2\Cars1002696.jpg 2 289 241 69 103 481 245 39 83
carWheel2\Cars1002697.jpg 2 306 203 70 114 469 214 43 98
carWheel2\Cars1002698.jpg 2 313 251 55 142 477 204 29 83
carWheel2\Cars1002699.jpg 2 191 166 87 117 471 142 56 86
carWheel2\Cars10027.jpg 1 40 18 385 365
carWheel2\Cars100270.jpg 1 38 0 471 441
carWheel2\Cars1002700.jpg 2 239 235 55 67 425 227 45 60
carWheel2\Cars1002701.jpg 1 276 268 100 140
carWheel2\Cars1002702.jpg 2 233 202 92 129 485 195 35 79
carWheel2\Cars1002703.jpg 2 52 169 75 80 380 183 91 88
carWheel2\Cars1002704.jpg 2 84 188 77 75 400 190 76 79
carWheel2\Cars1002705.jpg 2 211 241 79 112 456 223 32 67
carWheel2\Cars1002706.jpg 2 209 223 101 112 496 179 43 84
carWheel2\Cars1002707.jpg 2 70 283 76 85 403 298 81 78
carWheel2\Cars1002708.jpg 2 267 186 79 123 470 172 26 71
carWheel2\Cars1002709.jpg 2 250 286 73 101 92 269 26 55
carWheel2\Cars100271.jpg 1 132 114 260 323
carWheel2\Cars1002710.jpg 2 241 146 93 118 35 85 48 84
carWheel2\Cars1002711.jpg 2 139 216 33 41 262 224 37 42
carWheel2\Cars1002712.jpg 2 282 279 87 106 50 264 47 74
carWheel2\Cars1002713.jpg 2 215 236 74 87 452 222 41 65
carWheel2\Cars1002714.jpg 2 215 195 75 98 459 202 50 86
carWheel2\Cars1002715.jpg 2 330 231 48 105 489 189 33 89
carWheel2\Cars1002716.jpg 2 334 181 92 91 25 178 76 83
carWheel2\Cars1002717.jpg 2 208 237 72 97 475 222 43 72
carWheel2\Cars1002718.jpg 2 245 193 65 95 37 182 39 83
carWheel2\Cars1002719.jpg 2 166 178 58 121 27 158 23 80
carWheel2\Cars100272.jpg 1 134 14 261 314
carWheel2\Cars1002720.jpg 2 95 300 83 85 336 307 90 85
carWheel2\Cars1002721.jpg 2 39 231 73 101 288 234 101 108
carWheel2\Cars1002722.jpg 2 252 270 52 98 15 259 54 87
carWheel2\Cars1002723.jpg 2 344 258 94 101 49 258 94 89
carWheel2\Cars1002724.jpg 1 13 206 49 121
carWheel2\Cars1002725.jpg 2 226 222 70 88 448 217 46 84
carWheel2\Cars1002726.jpg 2 195 275 61 82 416 276 58 76
carWheel2\Cars1002727.jpg 1 253 152 76 110
carWheel2\Cars1002728.jpg 2 246 261 57 86 46 268 46 83
carWheel2\Cars1002729.jpg 1 38 272 48 89
carWheel2\Cars100273.jpg 1 29 44 392 500
carWheel2\Cars1002730.jpg 2 223 252 75 95 35 250 48 93
carWheel2\Cars1002731.jpg 2 291 279 51 99 465 276 39 95
carWheel2\Cars1002732.jpg 2 276 272 64 113 467 250 39 96
carWheel2\Cars1002733.jpg 2 259 233 62 97 51 219 49 89
carWheel2\Cars1002734.jpg 2 178 166 65 72 447 163 56 72
carWheel2\Cars1002735.jpg 2 175 219 65 74 422 213 51 64
carWheel2\Cars1002736.jpg 2 227 267 56 106 44 239 44 97
carWheel2\Cars1002737.jpg 2 206 230 75 95 459 238 58 87
carWheel2\Cars1002738.jpg 2 161 165 80 92 432 160 59 85
carWheel2\Cars1002739.jpg 1 478 236 40 84
carWheel2\Cars100274.jpg 1 161 2 255 265
carWheel2\Cars1002740.jpg 2 268 245 51 99 464 243 48 99
carWheel2\Cars1002741.jpg 2 151 173 63 72 425 164 60 70
carWheel2\Cars1002742.jpg 2 223 225 58 103 31 240 49 105
carWheel2\Cars1002743.jpg 2 250 274 60 98 29 266 52 84
carWheel2\Cars1002744.jpg 2 234 259 58 88 459 252 45 87
carWheel2\Cars1002745.jpg 2 176 254 69 88 454 228 57 76
carWheel2\Cars1002746.jpg 2 462 256 46 92 252 256 62 95
carwheel\Cars10000.jpg 1 83 10 379 337
carwheel\Cars10001.jpg 1 106 36 368 312
carwheel\Cars100010.jpg 1 71 64 369 311
carwheel\Cars1000100.jpg 1 166 60 153 133
carwheel\Cars1000101.jpg 1 152 76 110 90
carwheel\Cars1000102.jpg 1 177 56 127 113
carwheel\Cars1000103.jpg 1 165 59 173 151
carwheel\Cars1000104.jpg 1 141 32 179 158
carwheel\Cars1000105.jpg 1 140 57 150 161
carwheel\Cars1000106.jpg 1 125 75 178 130
carwheel\Cars1000107.jpg 1 146 51 189 162
carwheel\Cars1000108.jpg 1 192 64 112 114
carwheel\Cars1000109.jpg 1 124 34 194 167
carwheel\Cars100011.jpg 1 76 31 379 316
carwheel\Cars1000110.jpg 1 108 30 224 199
carwheel\Cars1000111.jpg 1 132 40 189 165
carwheel\Cars1000112.jpg 1 156 72 143 127
carwheel\Cars1000113.jpg 1 170 63 108 105
carwheel\Cars1000114.jpg 1 166 39 190 162
carwheel\Cars1000115.jpg 1 179 52 116 125
carwheel\Cars1000116.jpg 1 236 94 57 48
carwheel\Cars1000117.jpg 1 203 56 113 99
carwheel\Cars1000118.jpg 1 193 73 111 101
carwheel\Cars1000119.jpg 1 168 54 128 116
carwheel\Cars100012.jpg 1 91 39 337 298
carwheel\Cars1000120.jpg 1 159 60 134 128
carwheel\Cars1000121.jpg 1 164 49 143 147
carwheel\Cars1000122.jpg 1 165 51 127 121
carwheel\Cars1000123.jpg 1 161 72 123 108
carwheel\Cars1000124.jpg 1 167 45 155 170
carwheel\Cars1000125.jpg 1 175 58 118 124
carwheel\Cars1000126.jpg 1 223 90 104 98
carwheel\Cars1000127.jpg 1 241 66 64 76
carwheel\Cars1000128.jpg 1 194 43 135 129
carwheel\Cars1000129.jpg 2 169 62 137 140 415 50 39 44
carwheel\Cars100013.jpg 1 105 47 357 312
carwheel\Cars1000130.jpg 2 198 50 97 98 473 43 63 78
carwheel\Cars1000131.jpg 1 217 66 76 101
carwheel\Cars1000132.jpg 1 212 77 72 96
carwheel\Cars1000133.jpg 2 217 98 16 16 269 100 15 14
carwheel\Cars1000134.jpg 2 141 91 51 43 283 93 35 33
carwheel\Cars1000135.jpg 2 267 84 139 110 80 73 65 53
carwheel\Cars1000136.jpg 1 211 48 121 120
carwheel\Cars1000137.jpg 1 202 62 114 114
carwheel\Cars1000138.jpg 1 197 70 82 98
carwheel\Cars1000139.jpg 3 256 72 36 40 390 76 23 21 505 72 20 20
carwheel\Cars100014.jpg 1 145 77 255 256
carwheel\Cars1000140.jpg 3 20 86 38 52 256 94 21 22 393 90 24 22
carwheel\Cars1000141.jpg 2 88 86 82 74 304 90 44 48
carwheel\Cars1000142.jpg 1 193 63 120 103
carwheel\Cars1000143.jpg 1 197 68 104 100
carwheel\Cars1000144.jpg 2 70 83 19 22 183 97 78 70
carwheel\Cars1000145.jpg 2 184 81 98 92 449 89 64 66
carwheel\Cars1000146.jpg 2 192 86 55 66 266 87 20 23
carwheel\Cars1000147.jpg 1 228 77 85 98
carwheel\Cars1000148.jpg 1 174 78 89 107
carwheel\Cars1000149.jpg 1 166 67 113 120
carwheel\Cars100015.jpg 1 49 4 449 384
carwheel\Cars1000150.jpg 1 203 96 101 112
carwheel\Cars1000151.jpg 1 168 60 155 151
carwheel\Cars1000152.jpg 1 161 58 109 125
carwheel\Cars1000153.jpg 1 222 89 76 74
carwheel\Cars1000154.jpg 1 142 67 175 155
carwheel\Cars1000155.jpg 1 180 78 114 125
carwheel\Cars1000156.jpg 1 169 59 116 128
carwheel\Cars1000157.jpg 1 191 78 129 120
carwheel\Cars1000158.jpg 1 164 56 129 128
carwheel\Cars1000159.jpg 1 208 81 77 86
carwheel\Cars100016.jpg 1 32 11 449 389
carwheel\Cars1000160.jpg 1 154 63 152 143
carwheel\Cars1000161.jpg 2 176 57 146 145 467 44 70 61
carwheel\Cars1000162.jpg 1 157 40 154 155
carwheel\Cars1000163.jpg 1 184 31 159 198
carwheel\Cars1000164.jpg 1 189 86 106 112
carwheel\Cars1000165.jpg 1 177 79 129 139
carwheel\Cars1000166.jpg 1 112 37 209 191
carwheel\Cars1000167.jpg 2 218 94 92 102 426 86 38 61
carwheel\Cars1000168.jpg 1 161 48 163 159
carwheel\Cars1000169.jpg 1 153 52 158 164
carwheel\Cars100017.jpg 1 80 27 375 314
carwheel\Cars1000170.jpg 1 142 53 169 167
carwheel\Cars1000171.jpg 1 168 72 143 129
carwheel\Cars1000172.jpg 1 152 18 171 156
carwheel\Cars1000173.jpg 2 205 76 105 106 478 66 22 20
carwheel\Cars1000174.jpg 1 198 61 111 116
carwheel\Cars1000175.jpg 3 92 110 51 49 225 109 36 33 338 112 31 29
carwheel\Cars1000176.jpg 2 273 69 94 99 81 61 55 64
carwheel\Cars1000177.jpg 1 151 19 204 214
carwheel\Cars1000178.jpg 1 158 66 138 130
carwheel\Cars1000179.jpg 2 285 103 89 87 68 89 52 63
carwheel\Cars100018.jpg 1 113 58 300 296
carwheel\Cars1000180.jpg 2 59 89 119 122 273 79 63 58
carwheel\Cars1000181.jpg 1 152 55 174 185
carwheel\Cars1000182.jpg 1 153 51 194 184
carwheel\Cars1000183.jpg 1 187 85 88 94
carwheel\Cars1000184.jpg 1 148 36 195 201
carwheel\Cars1000185.jpg 2 132 41 210 179 430 24 19 22
carwheel\Cars1000186.jpg 1 207 75 97 115
carwheel\Cars1000187.jpg 2 125 41 153 149 422 40 54 83
carwheel\Cars1000188.jpg 4 249 111 25 23 342 112 26 25 182 107 25 24 86 105 24 25
carwheel\Cars1000189.jpg 1 179 85 108 99
carwheel\Cars100019.jpg 1 117 55 306 298
carwheel\Cars1000190.jpg 1 138 50 160 170
carwheel\Cars1000191.jpg 1 130 37 193 201
carwheel\Cars1000192.jpg 3 93 73 55 53 231 74 28 36 289 71 24 34
carwheel\Cars1000193.jpg 1 166 58 160 163
carwheel\Cars1000194.jpg 1 150 47 155 156
carwheel\Cars1000195.jpg 1 119 26 238 214
carwheel\Cars1000196.jpg 1 159 43 156 148
carwheel\Cars1000197.jpg 1 185 47 154 182
carwheel\Cars1000198.jpg 1 158 12 194 233
carwheel\Cars1000199.jpg 1 140 11 199 224
carwheel\Cars10002.jpg 1 98 21 348 346
carwheel\Cars100020.jpg 1 77 21 376 351
carwheel\Cars1000200.jpg 1 128 23 202 192
carwheel\Cars1000201.jpg 0
carwheel\Cars1000202.jpg 2 71 88 112 101 343 91 34 57
carwheel\Cars1000203.jpg 2 191 99 83 80 473 101 72 74
carwheel\Cars1000204.jpg 3 69 88 75 73 252 93 41 46 347 91 19 37
carwheel\Cars1000205.jpg 1 136 27 143 163
carwheel\Cars1000206.jpg 1 153 39 161 158
carwheel\Cars1000207.jpg 1 156 66 128 123
carwheel\Cars1000208.jpg 2 174 75 120 119 447 72 44 69
carwheel\Cars1000209.jpg 2 60 55 115 115 303 69 69 58
carwheel\Cars100021.jpg 1 128 76 262 258
carwheel\Cars1000210.jpg 1 131 33 162 191
carwheel\Cars1000211.jpg 1 156 34 119 139
carwheel\Cars1000212.jpg 1 147 17 139 139
carwheel\Cars1000213.jpg 2 230 58 100 112 77 52 61 70
carwheel\Cars1000214.jpg 1 167 31 146 155
carwheel\Cars1000215.jpg 1 193 47 119 149
carwheel\Cars1000216.jpg 1 188 60 104 151
carwheel\Cars1000217.jpg 1 196 44 137 160
carwheel\Cars1000218.jpg 1 175 52 130 129
carwheel\Cars1000219.jpg 1 199 51 110 136
carwheel\Cars100022.jpg 1 161 84 268 262
carwheel\Cars1000220.jpg 1 202 57 112 139
carwheel\Cars1000221.jpg 2 141 48 142 148 347 58 23 28
carwheel\Cars1000222.jpg 1 130 33 179 184
carwheel\Cars1000223.jpg 1 141 51 183 182
carwheel\Cars1000224.jpg 1 138 56 177 168
carwheel\Cars1000225.jpg 1 152 31 131 164
carwheel\Cars1000226.jpg 1 115 45 194 194
carwheel\Cars1000227.jpg 1 134 31 194 182
carwheel\Cars1000228.jpg 1 114 35 202 203
carwheel\Cars1000229.jpg 1 168 64 150 142
carwheel\Cars100023.jpg 1 107 71 320 282
carwheel\Cars1000230.jpg 1 174 38 151 160
carwheel\Cars1000231.jpg 1 111 52 172 168
carwheel\Cars1000232.jpg 2 320 57 19 23 161 67 113 125
carwheel\Cars1000233.jpg 2 200 61 110 119 155 48 32 37
carwheel\Cars1000234.jpg 1 167 32 115 147
carwheel\Cars1000235.jpg 1 131 13 158 205
carwheel\Cars1000236.jpg 1 136 13 210 216
carwheel\Cars1000237.jpg 1 144 29 135 200
carwheel\Cars1000238.jpg 2 193 60 102 120 36 40 23 23
carwheel\Cars1000239.jpg 1 172 39 167 171
carwheel\Cars100024.jpg 1 131 103 249 248
carwheel\Cars1000240.jpg 1 149 48 163 185
carwheel\Cars1000241.jpg 0
carwheel\Cars1000242.jpg 1 97 22 212 201
carwheel\Cars1000243.jpg 1 165 49 150 143
carwheel\Cars1000244.jpg 1 177 69 135 113
carwheel\Cars1000245.jpg 2 33 88 114 96 497 100 28 31
carwheel\Cars1000246.jpg 2 160 114 58 62 317 114 30 42
carwheel\Cars1000247.jpg 2 279 114 24 26 193 109 20 23
carwheel\Cars1000248.jpg 4 291 116 28 36 203 111 23 28 496 109 29 26 72 122 24 29
carwheel\Cars1000249.jpg 1 175 62 129 124
carwheel\Cars100025.jpg 1 96 20 364 336
carwheel\Cars1000250.jpg 2 94 121 68 62 329 117 58 53
carwheel\Cars1000251.jpg 5 223 126 35 29 107 122 34 29 290 130 19 19 453 132 25 23 355 132 21 19
carwheel\Cars1000252.jpg 3 261 99 27 26 475 94 26 21 190 98 19 19
carwheel\Cars1000253.jpg 2 9 99 144 130 327 92 42 59
carwheel\Cars1000254.jpg 2 339 109 67 60 245 84 25 27
carwheel\Cars1000255.jpg 3 170 121 108 95 380 90 44 47 460 75 18 21
carwheel\Cars1000256.jpg 1 208 118 44 47
carwheel\Cars1000257.jpg 5 452 154 71 59 178 137 21 21 111 138 21 18 237 136 19 18 310 139 11 13
carwheel\Cars1000258.jpg 2 101 106 49 56 305 109 58 61
carwheel\Cars1000259.jpg 4 301 120 78 70 158 96 19 19 207 93 14 18 96 96 19 18
carwheel\Cars100026.jpg 1 97 30 352 322
carwheel\Cars1000260.jpg 2 292 84 76 68 56 84 48 50
carwheel\Cars1000261.jpg 2 155 82 41 46 285 84 25 32
carwheel\Cars1000262.jpg 2 120 93 49 52 310 98 54 54
carwheel\Cars1000263.jpg 2 302 99 78 74 79 91 56 65
carwheel\Cars1000264.jpg 4 58 101 32 34 165 102 26 28 237 106 16 21 292 108 18 15
carwheel\Cars1000265.jpg 1 134 75 108 96
carwheel\Cars1000266.jpg 3 34 112 145 126 273 92 37 38 343 85 27 26
carwheel\Cars1000267.jpg 1 277 95 24 30
carwheel\Cars1000268.jpg 3 181 138 18 18 111 137 18 20 232 136 14 15
carwheel\Cars1000269.jpg 2 68 111 109 114 260 88 27 34
carwheel\Cars100027.jpg 1 80 13 400 358
carwheel\Cars1000270.jpg 1 146 69 176 158
carwheel\Cars1000271.jpg 2 142 89 130 127 429 85 51 69
carwheel\Cars1000272.jpg 2 68 147 99 88 286 123 23 25
carwheel\Cars1000273.jpg 4 443 129 76 76 313 107 20 16 260 106 17 17 185 110 19 19
carwheel\Cars1000274.jpg 1 208 65 111 124
carwheel\Cars1000275.jpg 1 121 37 191 180
carwheel\Cars1000276.jpg 3 75 82 68 63 256 81 37 47 362 82 25 34
carwheel\Cars1000277.jpg 3 324 95 63 66 134 101 46 45 23 104 38 35
carwheel\Cars1000278.jpg 2 432 102 38 36 301 97 19 26
carwheel\Cars1000279.jpg 3 74 89 124 114 332 71 49 49 429 63 22 20
carwheel\Cars100028.jpg 1 101 58 319 278
carwheel\Cars1000280.jpg 1 42 24 180 191
carwheel\Cars1000281.jpg 1 66 96 70 80
carwheel\Cars1000282.jpg 1 168 62 149 149
carwheel\Cars1000283.jpg 2 21 78 165 146 332 82 48 68
carwheel\Cars1000284.jpg 2 281 122 22 26 232 117 12 24
carwheel\Cars1000285.jpg 1 166 50 141 153
carwheel\Cars1000286.jpg 1 200 34 122 155
carwheel\Cars1000287.jpg 1 115 22 192 207
carwheel\Cars1000288.jpg 1 210 50 127 161
carwheel\Cars1000289.jpg 2 206 61 83 125 71 59 15 21
carwheel\Cars100029.jpg 1 97 60 357 329
carwheel\Cars1000290.jpg 1 177 37 154 181
carwheel\Cars1000291.jpg 1 222 75 91 122
carwheel\Cars1000292.jpg 1 231 91 90 117
carwheel\Cars1000293.jpg 1 96 41 189 188
carwheel\Cars1000294.jpg 1 171 66 177 178
carwheel\Cars1000295.jpg 1 111 30 180 201
carwheel\Cars1000296.jpg 1 203 48 144 159
carwheel\Cars1000297.jpg 1 176 52 121 155
carwheel\Cars1000298.jpg 1 134 32 182 205
carwheel\Cars1000299.jpg 1 175 44 151 170
carwheel\Cars10003.jpg 1 76 23 378 325
carwheel\Cars100030.jpg 1 101 27 334 326
carwheel\Cars1000300.jpg 1 179 51 159 178
carwheel\Cars1000301.jpg 1 139 20 216 215
carwheel\Cars1000302.jpg 1 119 10 249 225
carwheel\Cars1000303.jpg 1 176 14 192 219
carwheel\Cars1000304.jpg 1 118 53 139 147
carwheel\Cars1000305.jpg 1 113 21 177 197
carwheel\Cars1000306.jpg 1 129 38 220 196
carwheel\Cars1000307.jpg 1 171 55 121 145
carwheel\Cars1000308.jpg 1 139 32 147 146
carwheel\Cars1000309.jpg 1 212 57 134 170
carwheel\Cars100031.jpg 1 101 12 324 315
carwheel\Cars1000310.jpg 1 98 26 248 223
carwheel\Cars1000311.jpg 1 108 36 233 200
carwheel\Cars1000312.jpg 2 120 28 209 198 479 25 40 42
carwheel\Cars1000313.jpg 5 172 141 25 26 223 138 18 20 425 138 18 19 482 138 15 16 274 130 11 12
carwheel\Cars1000314.jpg 1 122 58 145 137
carwheel\Cars100032.jpg 1 121 74 327 289
carwheel\Cars100033.jpg 1 76 54 321 276
carwheel\Cars100034.jpg 1 113 60 315 310
carwheel\Cars100035.jpg 1 90 37 388 335
carwheel\Cars100036.jpg 1 65 41 388 342
carwheel\Cars100037.jpg 1 36 1 477 362
carwheel\Cars100038.jpg 1 131 62 289 265
carwheel\Cars100039.jpg 1 49 1 402 362
carwheel\Cars10004.jpg 1 62 10 354 325
carwheel\Cars100040.jpg 1 91 12 335 318
carwheel\Cars100041.jpg 1 65 11 422 346
carwheel\Cars100042.jpg 1 85 21 351 309
carwheel\Cars100043.jpg 1 81 4 412 358
carwheel\Cars100044.jpg 1 149 60 298 273
carwheel\Cars100045.jpg 2 120 170 43 42 266 177 45 46
carwheel\Cars100046.jpg 2 145 162 33 35 262 165 30 35
carwheel\Cars100047.jpg 3 227 191 33 41 347 195 47 45 129 201 24 24
carwheel\Cars100048.jpg 3 256 188 46 39 90 185 52 45 449 181 49 44
carwheel\Cars100049.jpg 2 187 200 43 39 315 201 35 32
carwheel\Cars10005.jpg 1 112 42 293 288
carwheel\Cars100050.jpg 3 368 221 56 52 206 226 26 30 134 222 21 28
carwheel\Cars100051.jpg 0
carwheel\Cars100052.jpg 0
carwheel\Cars100053.jpg 6 419 208 58 48 294 209 36 35 226 215 24 27 156 209 23 28 112 212 17 21 50 212 12 17
carwheel\Cars100054.jpg 4 422 168 65 56 249 169 44 46 113 169 33 35 34 173 26 26
carwheel\Cars100055.jpg 2 23 140 163 137 450 146 74 97
carwheel\Cars100056.jpg 2 24 117 141 131 445 127 83 99
carwheel\Cars100057.jpg 2 356 131 138 145 125 132 50 76
carwheel\Cars100058.jpg 2 328 133 112 104 71 130 49 67
carwheel\Cars100059.jpg 1 108 35 231 281
carwheel\Cars10006.jpg 1 46 1 428 375
carwheel\Cars100060.jpg 1 252 85 147 182
carwheel\Cars100061.jpg 1 211 111 88 122
carwheel\Cars100062.jpg 1 200 99 151 154
carwheel\Cars100063.jpg 2 151 165 34 42 354 173 54 55
carwheel\Cars100064.jpg 3 223 151 34 32 360 149 38 40 41 141 42 41
carwheel\Cars100065.jpg 3 162 171 24 29 250 174 33 31 415 180 44 36
carwheel\Cars100066.jpg 2 373 194 51 47 135 186 19 28
carwheel\Cars100067.jpg 3 387 155 54 44 228 160 39 38 97 159 30 30
carwheel\Cars100068.jpg 3 153 184 42 45 399 189 35 45 501 184 24 38
carwheel\Cars100069.jpg 2 422 182 51 57 201 178 39 40
carwheel\Cars10007.jpg 1 48 24 395 365
carwheel\Cars100070.jpg 0
carwheel\Cars100071.jpg 1 313 157 30 43
carwheel\Cars100072.jpg 0
carwheel\Cars100073.jpg 3 326 227 37 38 161 223 42 41 462 230 37 38
carwheel\Cars100074.jpg 3 462 226 41 37 329 223 36 31 183 219 17 24
carwheel\Cars100075.jpg 4 421 117 31 27 282 129 32 28 199 130 24 25 101 133 22 19
carwheel\Cars100076.jpg 4 344 133 38 38 223 135 43 40 142 130 32 28 35 127 34 35
carwheel\Cars100077.jpg 0
carwheel\Cars100078.jpg 3 234 112 28 27 170 114 24 22 462 113 47 45
carwheel\Cars100079.jpg 3 194 120 30 28 281 122 34 31 112 119 17 19
carwheel\Cars10008.jpg 1 78 4 424 377
carwheel\Cars100080.jpg 2 179 106 25 29 267 109 20 23
carwheel\Cars100081.jpg 3 186 81 31 29 303 83 22 26 481 84 19 24
carwheel\Cars100082.jpg 3 115 86 58 54 278 90 47 39 453 89 17 18
carwheel\Cars100083.jpg 2 272 84 22 24 234 86 13 18
carwheel\Cars100084.jpg 1 198 57 131 129
carwheel\Cars100085.jpg 1 138 62 128 124
carwheel\Cars100086.jpg 1 103 3 257 228
carwheel\Cars100087.jpg 1 131 22 190 188
carwheel\Cars100088.jpg 1 196 4 185 211
carwheel\Cars100089.jpg 1 221 85 35 46
carwheel\Cars10009.jpg 1 127 44 326 296
carwheel\Cars100090.jpg 1 178 69 122 113
carwheel\Cars100091.jpg 2 312 74 125 126 55 60 76 95
carwheel\Cars100092.jpg 1 167 51 141 137
carwheel\Cars100093.jpg 3 174 90 91 91 141 78 18 21 50 73 16 19
carwheel\Cars100094.jpg 1 182 48 123 131
carwheel\Cars100095.jpg 1 144 69 133 129
carwheel\Cars100096.jpg 2 160 81 145 125 37 66 48 43
carwheel\Cars100097.jpg 3 153 112 41 44 289 116 50 49 106 110 16 17
carwheel\Cars100098.jpg 2 156 102 63 70 329 101 51 45
carwheel\Cars100099.jpg 1 144 75 137 123
carWheel2\Cars1002747.jpg 2 244 237 71 105 13 227 60 94
carWheel2\Cars1002748.jpg 2 190 235 64 118 16 236 41 98
carWheel2\Cars1002749.jpg 1 188 226 68 112
carWheel2\Cars100275.jpg 1 50 8 461 448
carWheel2\Cars1002750.jpg 2 72 152 77 74 402 146 79 76
carWheel2\Cars1002751.jpg 2 173 199 73 77 382 219 41 66
carWheel2\Cars1002752.jpg 2 305 224 60 123 493 201 32 92
carWheel2\Cars1002753.jpg 2 193 154 69 102 460 152 50 91
carWheel2\Cars1002754.jpg 1 346 223 55 121
carWheel2\Cars1002755.jpg 2 210 231 69 98 475 203 55 88
carWheel2\Cars1002756.jpg 2 287 232 67 113 500 221 48 92
carWheel2\Cars1002757.jpg 2 284 222 79 127 494 230 42 100
carWheel2\Cars1002758.jpg 2 287 166 48 60 162 154 27 44
carWheel2\Cars1002759.jpg 2 237 244 77 97 39 229 44 81
carWheel2\Cars100276.jpg 1 66 26 447 423
carWheel2\Cars1002760.jpg 2 191 251 87 105 463 215 54 83
carWheel2\Cars1002761.jpg 2 214 252 75 103 469 226 46 73
carWheel2\Cars1002762.jpg 2 169 255 80 86 483 215 55 70
carWheel2\Cars1002763.jpg 2 233 242 71 107 474 237 40 85
carWheel2\Cars1002764.jpg 2 219 155 52 78 425 151 35 59
carWheel2\Cars1002765.jpg 2 303 221 53 102 490 190 38 81
carWheel2\Cars1002766.jpg 1 241 264 60 91
carWheel2\Cars1002767.jpg 2 210 243 68 92 465 240 60 86
carWheel2\Cars1002768.jpg 2 292 224 90 130 507 205 34 91
carWheel2\Cars1002769.jpg 2 223 160 57 79 416 149 37 71
carWheel2\Cars100277.jpg 1 122 21 256 311
carWheel2\Cars1002770.jpg 2 271 196 67 106 476 202 42 84
carWheel2\Cars1002771.jpg 2 262 223 105 121 483 204 40 90
carWheel2\Cars1002772.jpg 2 295 210 76 119 504 206 41 115
carWheel2\Cars1002773.jpg 2 230 241 103 123 476 237 52 91
carWheel2\Cars1002774.jpg 1 469 206 44 94
carWheel2\Cars1002775.jpg 2 169 233 69 152 4 179 40 103
carWheel2\Cars1002776.jpg 2 309 172 48 66 446 187 32 56
carWheel2\Cars1002777.jpg 2 5 201 46 107 174 228 102 138
carWheel2\Cars1002778.jpg 2 219 242 76 113 32 217 48 81
carWheel2\Cars1002779.jpg 2 95 207 94 87 440 193 61 71
carWheel2\Cars100278.jpg 1 91 10 398 381
carWheel2\Cars1002780.jpg 2 103 140 68 65 378 132 84 76
carWheel2\Cars1002781.jpg 2 179 215 57 133 19 153 29 78
carWheel2\Cars1002782.jpg 2 45 168 54 68 310 181 72 81
carWheel2\Cars1002783.jpg 3 340 301 52 49 175 299 30 40 408 111 30 41
carWheel2\Cars1002784.jpg 2 235 167 71 99 476 122 34 68
carWheel2\Cars1002785.jpg 3 393 229 33 67 485 230 25 57 197 230 38 57
carWheel2\Cars1002786.jpg 2 268 214 65 84 36 202 57 85
carWheel2\Cars1002787.jpg 2 80 101 83 82 394 91 91 88
carWheel2\Cars1002788.jpg 1 185 195 64 125
carWheel2\Cars1002789.jpg 2 75 213 73 71 382 212 76 69
carWheel2\Cars100279.jpg 1 51 7 449 428
carWheel2\Cars1002790.jpg 2 151 144 72 91 445 138 60 83
carWheel2\Cars1002791.jpg 1 195 215 86 95
carWheel2\Cars1002792.jpg 2 168 246 74 90 457 247 54 77
carWheel2\Cars1002793.jpg 2 253 181 77 108 491 164 38 89
carWheel2\Cars1002794.jpg 2 393 226 70 75 86 235 72 72
carWheel2\Cars1002795.jpg 2 78 155 75 73 382 152 75 76
carWheel2\Cars1002796.jpg 1 170 101 238 225
carWheel2\Cars1002797.jpg 1 184 135 189 192
carWheel2\Cars1002798.jpg 2 171 185 73 83 454 174 55 71
carWheel2\Cars1002799.jpg 1 258 200 64 109
carWheel2\Cars10028.jpg 1 98 129 358 346
carWheel2\Cars100280.jpg 1 53 118 404 530
carWheel2\Cars1002800.jpg 2 255 238 74 109 57 227 39 78
carWheel2\Cars1002801.jpg 1 219 196 80 122
carWheel2\Cars1002802.jpg 2 332 195 82 86 58 167 54 67
carWheel2\Cars1002803.jpg 2 194 169 71 109 45 172 32 91
carWheel2\Cars1002804.jpg 1 271 227 80 117
carWheel2\Cars1002805.jpg 1 277 149 95 120
carWheel2\Cars1002806.jpg 2 247 191 55 94 42 178 47 85
carWheel2\Cars1002807.jpg 2 216 243 61 105 22 229 45 93
carWheel2\Cars1002808.jpg 2 234 232 53 95 35 216 45 83
carWheel2\Cars1002809.jpg 2 382 165 96 92 49 180 83 85
carWheel2\Cars100281.jpg 1 2 21 531 519
carWheel2\Cars1002810.jpg 2 273 221 96 140 496 206 37 91
carWheel2\Cars1002811.jpg 2 145 213 89 90 415 225 69 83
carWheel2\Cars1002812.jpg 2 271 184 71 118 489 161 41 88
carWheel2\Cars1002813.jpg 2 381 223 74 70 85 221 71 69
carWheel2\Cars1002814.jpg 2 319 266 116 118 26 229 44 75
carWheel2\Cars1002815.jpg 2 251 215 54 94 106 208 28 58
carWheel2\Cars1002816.jpg 2 90 257 80 82 395 243 82 84
carWheel2\Cars1002817.jpg 2 312 214 44 59 433 202 24 46
carWheel2\Cars1002818.jpg 2 62 211 84 77 390 212 91 80
carWheel2\Cars1002819.jpg 1 145 46 265 256
carWheel2\Cars100282.jpg 1 71 48 397 385
carWheel2\Cars1002820.jpg 1 170 114 224 217
carWheel2\Cars1002821.jpg 1 145 132 219 209
carWheel2\Cars1002822.jpg 2 239 141 74 102 482 111 43 78
carWheel2\Cars1002823.jpg 2 101 228 56 55 383 223 58 61
carWheel2\Cars1002824.jpg 2 306 121 68 138 481 116 35 94
carWheel2\Cars1002825.jpg 2 489 191 32 97 303 219 86 120
carWheel2\Cars1002826.jpg 2 278 290 52 85 87 292 40 67
carWheel2\Cars1002827.jpg 2 298 174 61 77 67 147 54 66
carWheel2\Cars1002828.jpg 2 99 147 66 60 365 148 63 59
carWheel2\Cars1002829.jpg 2 74 104 52 81 266 88 71 86
carWheel2\Cars100283.jpg 1 67 91 418 400
carwheel/Cars10000.jpg 1 83 10 379 337
carwheel/Cars10001.jpg 1 106 36 368 312
carwheel/Cars100010.jpg 1 71 64 369 311
carwheel/Cars1000100.jpg 1 166 60 153 133
carwheel/Cars1000101.jpg 1 152 76 110 90
carwheel/Cars1000102.jpg 1 177 56 127 113
carwheel/Cars1000103.jpg 1 165 59 173 151
carwheel/Cars1000104.jpg 1 141 32 179 158
carwheel/Cars1000105.jpg 1 140 57 150 161
carwheel/Cars1000106.jpg 1 125 75 178 130
carwheel/Cars1000107.jpg 1 146 51 189 162
carwheel/Cars1000108.jpg 1 192 64 112 114
carwheel/Cars1000109.jpg 1 124 34 194 167
carwheel/Cars100011.jpg 1 76 31 379 316
carwheel/Cars1000110.jpg 1 108 30 224 199
carwheel/Cars1000111.jpg 1 132 40 189 165
carwheel/Cars1000112.jpg 1 156 72 143 127
carwheel/Cars1000113.jpg 1 170 63 108 105
carwheel/Cars1000114.jpg 1 166 39 190 162
carwheel/Cars1000115.jpg 1 179 52 116 125
carwheel/Cars1000116.jpg 1 236 94 57 48
carwheel/Cars1000117.jpg 1 203 56 113 99
carwheel/Cars1000118.jpg 1 193 73 111 101
carwheel/Cars1000119.jpg 1 168 54 128 116
carwheel/Cars100012.jpg 1 91 39 337 298
carwheel/Cars1000120.jpg 1 159 60 134 128
carwheel/Cars1000121.jpg 1 164 49 143 147
carwheel/Cars1000122.jpg 1 165 51 127 121
carwheel/Cars1000123.jpg 1 161 72 123 108
carwheel/Cars1000124.jpg 1 167 45 155 170
carwheel/Cars1000125.jpg 1 175 58 118 124
carwheel/Cars1000126.jpg 1 223 90 104 98
carwheel/Cars1000127.jpg 1 241 66 64 76
carwheel/Cars1000128.jpg 1 194 43 135 129
carwheel/Cars1000129.jpg 2 169 62 137 140 415 50 39 44
carwheel/Cars100013.jpg 1 105 47 357 312
carwheel/Cars1000130.jpg 2 198 50 97 98 473 43 63 78
carwheel/Cars1000131.jpg 1 217 66 76 101
carwheel/Cars1000132.jpg 1 212 77 72 96
carwheel/Cars1000133.jpg 2 217 98 16 16 269 100 15 14
carwheel/Cars1000134.jpg 2 141 91 51 43 283 93 35 33
carwheel/Cars1000135.jpg 2 267 84 139 110 80 73 65 53
carwheel/Cars1000136.jpg 1 211 48 121 120
carwheel/Cars1000137.jpg 1 202 62 114 114
carwheel/Cars1000138.jpg 1 197 70 82 98
carwheel/Cars1000139.jpg 3 256 72 36 40 390 76 23 21 505 72 20 20
carwheel/Cars100014.jpg 1 145 77 255 256
carwheel/Cars1000140.jpg 3 20 86 38 52 256 94 21 22 393 90 24 22
carwheel/Cars1000141.jpg 2 88 86 82 74 304 90 44 48
carwheel/Cars1000142.jpg 1 193 63 120 103
carwheel/Cars1000143.jpg 1 197 68 104 100
carwheel/Cars1000144.jpg 2 70 83 19 22 183 97 78 70
carwheel/Cars1000145.jpg 2 184 81 98 92 449 89 64 66
carwheel/Cars1000146.jpg 2 192 86 55 66 266 87 20 23
carwheel/Cars1000147.jpg 1 228 77 85 98
carwheel/Cars1000148.jpg 1 174 78 89 107
carwheel/Cars1000149.jpg 1 166 67 113 120
carwheel/Cars100015.jpg 1 49 4 449 384
carwheel/Cars1000150.jpg 1 203 96 101 112
carwheel/Cars1000151.jpg 1 168 60 155 151
carwheel/Cars1000152.jpg 1 161 58 109 125
carwheel/Cars1000153.jpg 1 222 89 76 74
carwheel/Cars1000154.jpg 1 142 67 175 155
carwheel/Cars1000155.jpg 1 180 78 114 125
carwheel/Cars1000156.jpg 1 169 59 116 128
carwheel/Cars1000157.jpg 1 191 78 129 120
carwheel/Cars1000158.jpg 1 164 56 129 128
carwheel/Cars1000159.jpg 1 208 81 77 86
carwheel/Cars100016.jpg 1 32 11 449 389
carwheel/Cars1000160.jpg 1 154 63 152 143
carwheel/Cars1000161.jpg 2 176 57 146 145 467 44 70 61
carwheel/Cars1000162.jpg 1 157 40 154 155
carwheel/Cars1000163.jpg 1 184 31 159 198
carwheel/Cars1000164.jpg 1 189 86 106 112
carwheel/Cars1000165.jpg 1 177 79 129 139
carwheel/Cars1000166.jpg 1 112 37 209 191
carwheel/Cars1000167.jpg 2 218 94 92 102 426 86 38 61
carwheel/Cars1000168.jpg 1 161 48 163 159
carwheel/Cars1000169.jpg 1 153 52 158 164
carwheel/Cars100017.jpg 1 80 27 375 314
carwheel/Cars1000170.jpg 1 142 53 169 167
carwheel/Cars1000171.jpg 1 168 72 143 129
carwheel/Cars1000172.jpg 1 152 18 171 156
carwheel/Cars1000173.jpg 2 205 76 105 106 478 66 22 20
carwheel/Cars1000174.jpg 1 198 61 111 116
carwheel/Cars1000175.jpg 3 92 110 51 49 225 109 36 33 338 112 31 29
carwheel/Cars1000176.jpg 2 273 69 94 99 81 61 55 64
carwheel/Cars1000177.jpg 1 151 19 204 214
carwheel/Cars1000178.jpg 1 158 66 138 130
carwheel/Cars1000179.jpg 2 285 103 89 87 68 89 52 63
carwheel/Cars100018.jpg 1 113 58 300 296
carwheel/Cars1000180.jpg 2 59 89 119 122 273 79 63 58
carwheel/Cars1000181.jpg 1 152 55 174 185
carwheel/Cars1000182.jpg 1 153 51 194 184
carwheel/Cars1000183.jpg 1 187 85 88 94
carwheel/Cars1000184.jpg 1 148 36 195 201
carwheel/Cars1000185.jpg 2 132 41 210 179 430 24 19 22
carwheel/Cars1000186.jpg 1 207 75 97 115
carwheel/Cars1000187.jpg 2 125 41 153 149 422 40 54 83
carwheel/Cars1000188.jpg 4 249 111 25 23 342 112 26 25 182 107 25 24 86 105 24 25
carwheel/Cars1000189.jpg 1 179 85 108 99
carwheel/Cars100019.jpg 1 117 55 306 298
carwheel/Cars1000190.jpg 1 138 50 160 170
carwheel/Cars1000191.jpg 1 130 37 193 201
carwheel/Cars1000192.jpg 3 93 73 55 53 231 74 28 36 289 71 24 34
carwheel/Cars1000193.jpg 1 166 58 160 163
carwheel/Cars1000194.jpg 1 150 47 155 156
carwheel/Cars1000195.jpg 1 119 26 238 214
carwheel/Cars1000196.jpg 1 159 43 156 148
carwheel/Cars1000197.jpg 1 185 47 154 182
carwheel/Cars1000198.jpg 1 158 12 194 233
carwheel/Cars1000199.jpg 1 140 11 199 224
carwheel/Cars10002.jpg 1 98 21 348 346
carwheel/Cars100020.jpg 1 77 21 376 351
carwheel/Cars1000200.jpg 1 128 23 202 192
carwheel/Cars1000201.jpg 0
carwheel/Cars1000202.jpg 2 71 88 112 101 343 91 34 57
carwheel/Cars1000203.jpg 2 191 99 83 80 473 101 72 74
carwheel/Cars1000204.jpg 3 69 88 75 73 252 93 41 46 347 91 19 37
carwheel/Cars1000205.jpg 1 136 27 143 163
carwheel/Cars1000206.jpg 1 153 39 161 158
carwheel/Cars1000207.jpg 1 156 66 128 123
carwheel/Cars1000208.jpg 2 174 75 120 119 447 72 44 69
carwheel/Cars1000209.jpg 2 60 55 115 115 303 69 69 58
carwheel/Cars100021.jpg 1 128 76 262 258
carwheel/Cars1000210.jpg 1 131 33 162 191
carwheel/Cars1000211.jpg 1 156 34 119 139
carwheel/Cars1000212.jpg 1 147 17 139 139
carwheel/Cars1000213.jpg 2 230 58 100 112 77 52 61 70
carwheel/Cars1000214.jpg 1 167 31 146 155
carwheel/Cars1000215.jpg 1 193 47 119 149
carwheel/Cars1000216.jpg 1 188 60 104 151
carwheel/Cars1000217.jpg 1 196 44 137 160
carwheel/Cars1000218.jpg 1 175 52 130 129
carwheel/Cars1000219.jpg 1 199 51 110 136
carwheel/Cars100022.jpg 1 161 84 268 262
carwheel/Cars1000220.jpg 1 202 57 112 139
carwheel/Cars1000221.jpg 2 141 48 142 148 347 58 23 28
carwheel/Cars1000222.jpg 1 130 33 179 184
carwheel/Cars1000223.jpg 1 141 51 183 182
carwheel/Cars1000224.jpg 1 138 56 177 168
carwheel/Cars1000225.jpg 1 152 31 131 164
carwheel/Cars1000226.jpg 1 115 45 194 194
carwheel/Cars1000227.jpg 1 134 31 194 182
carwheel/Cars1000228.jpg 1 114 35 202 203
carwheel/Cars1000229.jpg 1 168 64 150 142
carwheel/Cars100023.jpg 1 107 71 320 282
carwheel/Cars1000230.jpg 1 174 38 151 160
carwheel/Cars1000231.jpg 1 111 52 172 168
carwheel/Cars1000232.jpg 2 320 57 19 23 161 67 113 125
carwheel/Cars1000233.jpg 2 200 61 110 119 155 48 32 37
carwheel/Cars1000234.jpg 1 167 32 115 147
carwheel/Cars1000235.jpg 1 131 13 158 205
carwheel/Cars1000236.jpg 1 136 13 210 216
carwheel/Cars1000237.jpg 1 144 29 135 200
carwheel/Cars1000238.jpg 2 193 60 102 120 36 40 23 23
carwheel/Cars1000239.jpg 1 172 39 167 171
carwheel/Cars100024.jpg 1 131 103 249 248
carwheel/Cars1000240.jpg 1 149 48 163 185
carwheel/Cars1000241.jpg 0
carwheel/Cars1000242.jpg 1 97 22 212 201
carwheel/Cars1000243.jpg 1 165 49 150 143
carwheel/Cars1000244.jpg 1 177 69 135 113
carwheel/Cars1000245.jpg 2 33 88 114 96 497 100 28 31
carwheel/Cars1000246.jpg 2 160 114 58 62 317 114 30 42
carwheel/Cars1000247.jpg 2 279 114 24 26 193 109 20 23
carwheel/Cars1000248.jpg 4 291 116 28 36 203 111 23 28 496 109 29 26 72 122 24 29
carwheel/Cars1000249.jpg 1 175 62 129 124
carwheel/Cars100025.jpg 1 96 20 364 336
carwheel/Cars1000250.jpg 2 94 121 68 62 329 117 58 53
carwheel/Cars1000251.jpg 5 223 126 35 29 107 122 34 29 290 130 19 19 453 132 25 23 355 132 21 19
carwheel/Cars1000252.jpg 3 261 99 27 26 475 94 26 21 190 98 19 19
carwheel/Cars1000253.jpg 2 9 99 144 130 327 92 42 59
carwheel/Cars1000254.jpg 2 339 109 67 60 245 84 25 27
carwheel/Cars1000255.jpg 3 170 121 108 95 380 90 44 47 460 75 18 21
carwheel/Cars1000256.jpg 1 208 118 44 47
carwheel/Cars1000257.jpg 5 452 154 71 59 178 137 21 21 111 138 21 18 237 136 19 18 310 139 11 13
carwheel/Cars1000258.jpg 2 101 106 49 56 305 109 58 61
carwheel/Cars1000259.jpg 4 301 120 78 70 158 96 19 19 207 93 14 18 96 96 19 18
carwheel/Cars100026.jpg 1 97 30 352 322
carwheel/Cars1000260.jpg 2 292 84 76 68 56 84 48 50
carwheel/Cars1000261.jpg 2 155 82 41 46 285 84 25 32
carwheel/Cars1000262.jpg 2 120 93 49 52 310 98 54 54
carwheel/Cars1000263.jpg 2 302 99 78 74 79 91 56 65
carwheel/Cars1000264.jpg 4 58 101 32 34 165 102 26 28 237 106 16 21 292 108 18 15
carwheel/Cars1000265.jpg 1 134 75 108 96
carwheel/Cars1000266.jpg 3 34 112 145 126 273 92 37 38 343 85 27 26
carwheel/Cars1000267.jpg 1 277 95 24 30
carwheel/Cars1000268.jpg 3 181 138 18 18 111 137 18 20 232 136 14 15
carwheel/Cars1000269.jpg 2 68 111 109 114 260 88 27 34
carwheel/Cars100027.jpg 1 80 13 400 358
carwheel/Cars1000270.jpg 1 146 69 176 158
carwheel/Cars1000271.jpg 2 142 89 130 127 429 85 51 69
carwheel/Cars1000272.jpg 2 68 147 99 88 286 123 23 25
carwheel/Cars1000273.jpg 4 443 129 76 76 313 107 20 16 260 106 17 17 185 110 19 19
carwheel/Cars1000274.jpg 1 208 65 111 124
carwheel/Cars1000275.jpg 1 121 37 191 180
carwheel/Cars1000276.jpg 3 75 82 68 63 256 81 37 47 362 82 25 34
carwheel/Cars1000277.jpg 3 324 95 63 66 134 101 46 45 23 104 38 35
carwheel/Cars1000278.jpg 2 432 102 38 36 301 97 19 26
carwheel/Cars1000279.jpg 3 74 89 124 114 332 71 49 49 429 63 22 20
carwheel/Cars100028.jpg 1 101 58 319 278
carwheel/Cars1000280.jpg 1 42 24 180 191
carwheel/Cars1000281.jpg 1 66 96 70 80
carwheel/Cars1000282.jpg 1 168 62 149 149
carwheel/Cars1000283.jpg 2 21 78 165 146 332 82 48 68
carwheel/Cars1000284.jpg 2 281 122 22 26 232 117 12 24
carwheel/Cars1000285.jpg 1 166 50 141 153
carwheel/Cars1000286.jpg 1 200 34 122 155
carwheel/Cars1000287.jpg 1 115 22 192 207
carwheel/Cars1000288.jpg 1 210 50 127 161
carwheel/Cars1000289.jpg 2 206 61 83 125 71 59 15 21
carwheel/Cars100029.jpg 1 97 60 357 329
carwheel/Cars1000290.jpg 1 177 37 154 181
carwheel/Cars1000291.jpg 1 222 75 91 122
carwheel/Cars1000292.jpg 1 231 91 90 117
carwheel/Cars1000293.jpg 1 96 41 189 188
carwheel/Cars1000294.jpg 1 171 66 177 178
carwheel/Cars1000295.jpg 1 111 30 180 201
carwheel/Cars1000296.jpg 1 203 48 144 159
carwheel/Cars1000297.jpg 1 176 52 121 155
carwheel/Cars1000298.jpg 1 134 32 182 205
carwheel/Cars1000299.jpg 1 175 44 151 170
carwheel/Cars10003.jpg 1 76 23 378 325
carwheel/Cars100030.jpg 1 101 27 334 326
carwheel/Cars1000300.jpg 1 179 51 159 178
carwheel/Cars1000301.jpg 1 139 20 216 215
carwheel/Cars1000302.jpg 1 119 10 249 225
carwheel/Cars1000303.jpg 1 176 14 192 219
carwheel/Cars1000304.jpg 1 118 53 139 147
carwheel/Cars1000305.jpg 1 113 21 177 197
carwheel/Cars1000306.jpg 1 129 38 220 196
carwheel/Cars1000307.jpg 1 171 55 121 145
carwheel/Cars1000308.jpg 1 139 32 147 146
carwheel/Cars1000309.jpg 1 212 57 134 170
carwheel/Cars100031.jpg 1 101 12 324 315
carwheel/Cars1000310.jpg 1 98 26 248 223
carwheel/Cars1000311.jpg 1 108 36 233 200
carwheel/Cars1000312.jpg 2 120 28 209 198 479 25 40 42
carwheel/Cars1000313.jpg 5 172 141 25 26 223 138 18 20 425 138 18 19 482 138 15 16 274 130 11 12
carwheel/Cars1000314.jpg 1 122 58 145 137
carwheel/Cars100032.jpg 1 121 74 327 289
carwheel/Cars100033.jpg 1 76 54 321 276
carwheel/Cars100034.jpg 1 113 60 315 310
carwheel/Cars100035.jpg 1 90 37 388 335
carwheel/Cars100036.jpg 1 65 41 388 342
carwheel/Cars100037.jpg 1 36 1 477 362
carwheel/Cars100038.jpg 1 131 62 289 265
carwheel/Cars100039.jpg 1 49 1 402 362
carwheel/Cars10004.jpg 1 62 10 354 325
carwheel/Cars100040.jpg 1 91 12 335 318
carwheel/Cars100041.jpg 1 65 11 422 346
carwheel/Cars100042.jpg 1 85 21 351 309
carwheel/Cars100043.jpg 1 81 4 412 358
carwheel/Cars100044.jpg 1 149 60 298 273
carwheel/Cars100045.jpg 2 120 170 43 42 266 177 45 46
carwheel/Cars100046.jpg 2 145 162 33 35 262 165 30 35
carwheel/Cars100047.jpg 3 227 191 33 41 347 195 47 45 129 201 24 24
carwheel/Cars100048.jpg 3 256 188 46 39 90 185 52 45 449 181 49 44
carwheel/Cars100049.jpg 2 187 200 43 39 315 201 35 32
carwheel/Cars10005.jpg 1 112 42 293 288
carwheel/Cars100050.jpg 3 368 221 56 52 206 226 26 30 134 222 21 28
carwheel/Cars100051.jpg 0
carwheel/Cars100052.jpg 0
carwheel/Cars100053.jpg 6 419 208 58 48 294 209 36 35 226 215 24 27 156 209 23 28 112 212 17 21 50 212 12 17
carwheel/Cars100054.jpg 4 422 168 65 56 249 169 44 46 113 169 33 35 34 173 26 26
carwheel/Cars100055.jpg 2 23 140 163 137 450 146 74 97
carwheel/Cars100056.jpg 2 24 117 141 131 445 127 83 99
carwheel/Cars100057.jpg 2 356 131 138 145 125 132 50 76
carwheel/Cars100058.jpg 2 328 133 112 104 71 130 49 67
carwheel/Cars100059.jpg 1 108 35 231 281
carwheel/Cars10006.jpg 1 46 1 428 375
carwheel/Cars100060.jpg 1 252 85 147 182
carwheel/Cars100061.jpg 1 211 111 88 122
carwheel/Cars100062.jpg 1 200 99 151 154
carwheel/Cars100063.jpg 2 151 165 34 42 354 173 54 55
carwheel/Cars100064.jpg 3 223 151 34 32 360 149 38 40 41 141 42 41
carwheel/Cars100065.jpg 3 162 171 24 29 250 174 33 31 415 180 44 36
carwheel/Cars100066.jpg 2 373 194 51 47 135 186 19 28
carwheel/Cars100067.jpg 3 387 155 54 44 228 160 39 38 97 159 30 30
carwheel/Cars100068.jpg 3 153 184 42 45 399 189 35 45 501 184 24 38
carwheel/Cars100069.jpg 2 422 182 51 57 201 178 39 40
carwheel/Cars10007.jpg 1 48 24 395 365
carwheel/Cars100070.jpg 0
carwheel/Cars100071.jpg 1 313 157 30 43
carwheel/Cars100072.jpg 0
carwheel/Cars100073.jpg 3 326 227 37 38 161 223 42 41 462 230 37 38
carwheel/Cars100074.jpg 3 462 226 41 37 329 223 36 31 183 219 17 24
carwheel/Cars100075.jpg 4 421 117 31 27 282 129 32 28 199 130 24 25 101 133 22 19
carwheel/Cars100076.jpg 4 344 133 38 38 223 135 43 40 142 130 32 28 35 127 34 35
carwheel/Cars100077.jpg 0
carwheel/Cars100078.jpg 3 234 112 28 27 170 114 24 22 462 113 47 45
carwheel/Cars100079.jpg 3 194 120 30 28 281 122 34 31 112 119 17 19
carwheel/Cars10008.jpg 1 78 4 424 377
carwheel/Cars100080.jpg 2 179 106 25 29 267 109 20 23
carwheel/Cars100081.jpg 3 186 81 31 29 303 83 22 26 481 84 19 24
carwheel/Cars100082.jpg 3 115 86 58 54 278 90 47 39 453 89 17 18
carwheel/Cars100083.jpg 2 272 84 22 24 234 86 13 18
carwheel/Cars100084.jpg 1 198 57 131 129
carwheel/Cars100085.jpg 1 138 62 128 124
carwheel/Cars100086.jpg 1 103 3 257 228
carwheel/Cars100087.jpg 1 131 22 190 188
carwheel/Cars100088.jpg 1 196 4 185 211
carwheel/Cars100089.jpg 1 221 85 35 46
carwheel/Cars10009.jpg 1 127 44 326 296
carwheel/Cars100090.jpg 1 178 69 122 113
carwheel/Cars100091.jpg 2 312 74 125 126 55 60 76 95
carwheel/Cars100092.jpg 1 167 51 141 137
carwheel/Cars100093.jpg 3 174 90 91 91 141 78 18 21 50 73 16 19
carwheel/Cars100094.jpg 1 182 48 123 131
carwheel/Cars100095.jpg 1 144 69 133 129
carwheel/Cars100096.jpg 2 160 81 145 125 37 66 48 43
carwheel/Cars100097.jpg 3 153 112 41 44 289 116 50 49 106 110 16 17
carwheel/Cars100098.jpg 2 156 102 63 70 329 101 51 45
carwheel/Cars100099.jpg 1 144 75 137 123
carWheel2\Cars1002830.jpg 1 217 209 68 109
carWheel2\Cars1002831.jpg 2 67 184 84 89 410 182 87 90
carWheel2\Cars1002832.jpg 2 214 167 59 101 58 161 35 91
carWheel2\Cars1002833.jpg 2 210 222 56 85 72 219 28 56
carWheel2\Cars1002834.jpg 2 253 193 62 79 57 178 46 64
carWheel2\Cars1002835.jpg 2 210 180 58 90 63 164 35 74
carWheel2\Cars1002836.jpg 2 38 264 52 91 271 281 78 100
carWheel2\Cars1002837.jpg 2 276 275 65 86 25 274 62 82
carWheel2\Cars1002838.jpg 0
carWheel2\Cars1002839.jpg 2 303 206 46 88 422 198 29 76
carWheel2\Cars100284.jpg 1 42 1 456 446
carWheel2\Cars1002840.jpg 2 118 212 72 73 390 215 68 70
carWheel2\Cars100285.jpg 1 108 69 317 303
carWheel2\Cars100286.jpg 1 54 14 431 428
carWheel2\Cars100287.jpg 1 133 30 247 296
carWheel2\Cars100288.jpg 1 175 90 200 201
carWheel2\Cars100289.jpg 1 81 37 405 389
carWheel2\Cars10029.jpg 1 130 24 244 307
carWheel2\Cars100290.jpg 1 181 16 183 220
carWheel2\Cars100291.jpg 1 35 29 471 448
carWheel2\Cars100292.jpg 1 163 41 310 309
carWheel2\Cars100293.jpg 1 89 8 376 345
carWheel2\Cars100294.jpg 1 188 192 180 227
carWheel2\Cars100295.jpg 1 150 12 252 260
carWheel2\Cars100296.jpg 1 175 108 257 241
carWheel2\Cars100297.jpg 1 182 58 223 275
carWheel2\Cars100298.jpg 1 115 33 277 270
carWheel2\Cars100299.jpg 2 313 235 62 118 127 124 26 28
